Station_Id_C Year_Data Mon_Data Day_Data Hour_Data EVSS V03099 Time_Dev_WQ Lat_Dev Lon_Dev PRS_HWC GPH WIN_D WIN_S TEM DPT DTD
59280 2020 5 30 0 65536.0000 20200529231516 535.0000 0.0174 0.0451 700.0000 3148.0000 241.0000 15.0000 10.0000 7.2000 2.8000 
59280 2020 5 30 0 65536.0000 20200529231516 991.0000 0.0499 0.1100 500.0000 5877.0000 243.0000 15.0000 -4.6000 -6.3000 1.7000 
59280 2020 5 30 0 65536.0000 20200529231516 0.0000 -0.0102 -0.0013 1000.0000 85.0000 180.0000 2.0000 26.5000 26.1000 0.4000 
59280 2020 5 30 0 131072.0000 20200529231516 0.0000 -0.0102 -0.0013 1000.6000 80.0000 180.0000 2.0000 26.5000 26.5000 0.0000 
59280 2020 5 30 0 65536.0000 20200529231516 243.0000 0.0032 0.0099 850.0000 1506.0000 240.0000 10.0000 18.3000 18.3000 0.0000 
59280 2020 5 30 0 65536.0000 20200529231516 117.0000 -0.0030 0.0014 925.0000 772.0000 219.0000 8.0000 22.4000 22.2000 0.2000 
59280 2020 5 30 0 8192.0000 20200529231516 0.0000 -0.0102 -0.0013 1001.0000 999999.0000 999999.0000 999999.0000 26.5000 26.5000 0.0000 
59280 2020 5 30 0 8192.0000 20200529231516 1201.0000 0.0633 0.1386 421.0000 999999.0000 999999.0000 999999.0000 -11.7000 -13.1000 1.4000 
59280 2020 5 30 0 8192.0000 20200529231516 678.0000 0.0276 0.0632 631.0000 999999.0000 999999.0000 999999.0000 6.3000 2.9000 3.4000 
59280 2020 5 30 0 8192.0000 20200529231516 335.0000 0.0078 0.0195 800.0000 999999.0000 999999.0000 999999.0000 14.8000 12.9000 1.9000 
59280 2020 5 30 0 8192.0000 20200529231516 1041.0000 0.0534 0.1169 482.0000 999999.0000 999999.0000 999999.0000 -4.5000 -8.1000 3.6000 
59280 2020 5 30 0 8192.0000 20200529231516 970.0000 0.0487 0.1074 508.0000 999999.0000 999999.0000 999999.0000 -4.5000 -5.5000 1.0000 
59280 2020 5 30 0 65536.0000 20200529231516 2842.0000 0.1608 0.3433 70.0000 18759.0000 128.0000 5.0000 -75.3000 999999.0000 999998.0000 
59280 2020 5 30 0 65536.0000 20200529231516 3113.0000 0.1602 0.3266 50.0000 20749.0000 89.0000 10.0000 -63.7000 999999.0000 999998.0000 
59280 2020 5 30 0 65536.0000 20200529231516 2286.0000 0.1507 0.3038 150.0000 14331.0000 249.0000 20.0000 -65.6000 999999.0000 999998.0000 
59280 2020 5 30 0 65536.0000 20200529231516 2585.0000 0.1608 0.3448 100.0000 16719.0000 275.0000 6.0000 -76.6000 999999.0000 999998.0000 
59280 2020 5 30 0 65536.0000 20200529231516 2034.0000 0.1270 0.2593 200.0000 12524.0000 231.0000 22.0000 -50.8000 -59.4000 8.6000 
59280 2020 5 30 0 8192.0000 20200529231516 335.0000 0.0078 0.0195 800.0000 999999.0000 999999.0000 999999.0000 14.8000 12.9000 1.9000 
59280 2020 5 30 0 8192.0000 20200529231516 678.0000 0.0276 0.0632 631.0000 999999.0000 999999.0000 999999.0000 6.3000 2.9000 3.4000 
59280 2020 5 30 0 8192.0000 20200529231516 0.0000 -0.0102 -0.0013 1001.0000 999999.0000 999999.0000 999999.0000 26.5000 26.5000 0.0000 
59280 2020 5 30 0 65536.0000 20200529231516 243.0000 0.0032 0.0099 850.0000 1506.0000 240.0000 10.0000 18.3000 18.3000 0.0000 
59280 2020 5 30 0 65536.0000 20200529231516 535.0000 0.0174 0.0451 700.0000 3148.0000 241.0000 15.0000 10.0000 7.2000 2.8000 
59280 2020 5 30 0 65536.0000 20200529231516 0.0000 -0.0102 -0.0013 1000.0000 85.0000 180.0000 2.0000 26.5000 26.1000 0.4000 
59280 2020 5 30 0 65536.0000 20200529231516 117.0000 -0.0030 0.0014 925.0000 772.0000 219.0000 8.0000 22.4000 22.2000 0.2000 
59280 2020 5 30 0 131072.0000 20200529231516 0.0000 -0.0102 -0.0013 1000.6000 80.0000 180.0000 2.0000 26.5000 26.5000 0.0000 
59280 2020 5 30 0 65536.0000 20200529231516 1595.0000 0.0888 0.1938 300.0000 9740.0000 246.0000 18.0000 -27.4000 -41.2000 13.8000 
59280 2020 5 30 0 65536.0000 20200529231516 1796.0000 0.1040 0.2239 250.0000 11026.0000 232.0000 17.0000 -37.4000 -55.5000 18.1000 
59280 2020 5 30 0 65536.0000 20200529231516 991.0000 0.0499 0.1100 500.0000 5877.0000 243.0000 15.0000 -4.6000 -6.3000 1.7000 
59280 2020 5 30 0 65536.0000 20200529231516 1265.0000 0.0671 0.1465 400.0000 7609.0000 242.0000 15.0000 -13.6000 -17.8000 4.2000 
59280 2020 5 30 0 8192.0000 20200529231516 3091.0000 0.1599 0.3298 51.2000 999999.0000 999999.0000 999999.0000 -63.7000 999999.0000 999998.0000 
59280 2020 5 30 0 8192.0000 20200529231516 3300.0000 0.1614 0.3072 39.1000 999999.0000 999999.0000 999999.0000 -61.5000 999999.0000 999998.0000 
59280 2020 5 30 0 8192.0000 20200529231516 2906.0000 0.1645 0.3401 64.1000 999999.0000 999999.0000 999999.0000 -77.0000 999999.0000 999998.0000 
59280 2020 5 30 0 8192.0000 20200529231516 1451.0000 0.0800 0.1717 341.0000 999999.0000 999999.0000 999999.0000 -20.1000 -30.3000 10.2000 
59280 2020 5 30 0 8192.0000 20200529231516 1892.0000 0.1126 0.2369 230.0000 999999.0000 999999.0000 999999.0000 -42.2000 -57.4000 15.2000 
59280 2020 5 30 0 8192.0000 20200529231516 1041.0000 0.0534 0.1169 482.0000 999999.0000 999999.0000 999999.0000 -4.5000 -8.1000 3.6000 
59280 2020 5 30 0 8192.0000 20200529231516 1198.0000 0.0633 0.1386 423.0000 999999.0000 999999.0000 999999.0000 -12.0000 -13.1000 1.1000 
59280 2020 5 30 0 8192.0000 20200529231516 970.0000 0.0487 0.1074 508.0000 999999.0000 999999.0000 999999.0000 -4.5000 -5.5000 1.0000 
59280 2020 5 30 0 8192.0000 20200529231516 2709.0000 0.1590 0.3465 81.9000 999999.0000 999999.0000 999999.0000 -80.1000 999999.0000 999998.0000 
59280 2020 5 30 0 8192.0000 20200529231516 2816.0000 0.1593 0.3452 72.2000 999999.0000 999999.0000 999999.0000 -75.5000 999999.0000 999998.0000 
59280 2020 5 30 0 8192.0000 20200529231516 2381.0000 0.1570 0.3196 134.0000 999999.0000 999999.0000 999999.0000 -70.7000 999999.0000 999998.0000 
59280 2020 5 30 0 8192.0000 20200529231516 2550.0000 0.1605 0.3420 105.0000 999999.0000 999999.0000 999999.0000 -76.4000 999999.0000 999998.0000 
59280 2020 5 30 0 8192.0000 20200529231516 2079.0000 0.1336 0.2671 191.0000 999999.0000 999999.0000 999999.0000 -53.4000 -60.0000 6.6000 
59280 2020 5 30 0 8192.0000 20200529231516 3529.0000 0.1599 0.2758 29.9000 999999.0000 999999.0000 999999.0000 -53.4000 999999.0000 999998.0000 
59280 2020 5 30 0 8192.0000 20200529231516 3854.0000 0.1689 0.2441 20.2000 999999.0000 999999.0000 999999.0000 -50.2000 999999.0000 999998.0000 
59280 2020 5 30 0 8192.0000 20200529231516 3091.0000 0.1599 0.3298 51.2000 999999.0000 999999.0000 999999.0000 -63.7000 999999.0000 999998.0000 
59280 2020 5 30 0 8192.0000 20200529231516 3300.0000 0.1614 0.3072 39.1000 999999.0000 999999.0000 999999.0000 -61.5000 999999.0000 999998.0000 
59280 2020 5 30 0 8192.0000 20200529231516 4157.0000 0.1742 0.2215 13.7000 999999.0000 999999.0000 999999.0000 -47.8000 999999.0000 999998.0000 
59280 2020 5 30 0 8192.0000 20200529231516 2381.0000 0.1570 0.3196 134.0000 999999.0000 999999.0000 999999.0000 -70.7000 999999.0000 999998.0000 
59280 2020 5 30 0 8192.0000 20200529231516 2550.0000 0.1605 0.3420 105.0000 999999.0000 999999.0000 999999.0000 -76.4000 999999.0000 999998.0000 
59280 2020 5 30 0 8192.0000 20200529231516 1892.0000 0.1126 0.2369 230.0000 999999.0000 999999.0000 999999.0000 -42.2000 -57.4000 15.2000 
59280 2020 5 30 0 8192.0000 20200529231516 2816.0000 0.1593 0.3452 72.2000 999999.0000 999999.0000 999999.0000 -75.5000 999999.0000 999998.0000 
59280 2020 5 30 0 8192.0000 20200529231516 2906.0000 0.1645 0.3401 64.1000 999999.0000 999999.0000 999999.0000 -77.0000 999999.0000 999998.0000 
59280 2020 5 30 0 8192.0000 20200529231516 2079.0000 0.1336 0.2671 191.0000 999999.0000 999999.0000 999999.0000 -53.4000 -60.0000 6.6000 
59280 2020 5 30 0 8192.0000 20200529231516 2709.0000 0.1590 0.3465 81.9000 999999.0000 999999.0000 999999.0000 -80.1000 999999.0000 999998.0000 
59280 2020 5 30 0 65536.0000 20200529231516 1796.0000 0.1040 0.2239 250.0000 11026.0000 232.0000 17.0000 -37.4000 -55.5000 18.1000 
59280 2020 5 30 0 65536.0000 20200529231516 2034.0000 0.1270 0.2593 200.0000 12524.0000 231.0000 22.0000 -50.8000 -59.4000 8.6000 
59280 2020 5 30 0 65536.0000 20200529231516 1265.0000 0.0671 0.1465 400.0000 7609.0000 242.0000 15.0000 -13.6000 -17.8000 4.2000 
59280 2020 5 30 0 65536.0000 20200529231516 2585.0000 0.1608 0.3448 100.0000 16719.0000 275.0000 6.0000 -76.6000 999999.0000 999998.0000 
59280 2020 5 30 0 65536.0000 20200529231516 2842.0000 0.1608 0.3433 70.0000 18759.0000 128.0000 5.0000 -75.3000 999999.0000 999998.0000 
59280 2020 5 30 0 65536.0000 20200529231516 1595.0000 0.0888 0.1938 300.0000 9740.0000 246.0000 18.0000 -27.4000 -41.2000 13.8000 
59280 2020 5 30 0 65536.0000 20200529231516 2286.0000 0.1507 0.3038 150.0000 14331.0000 249.0000 20.0000 -65.6000 999999.0000 999998.0000 
59280 2020 5 30 0 65536.0000 20200529231516 117.0000 -0.0030 0.0014 925.0000 772.0000 219.0000 8.0000 22.4000 22.2000 0.2000 
59280 2020 5 30 0 65536.0000 20200529231516 243.0000 0.0032 0.0099 850.0000 1506.0000 240.0000 10.0000 18.3000 18.3000 0.0000 
59280 2020 5 30 0 131072.0000 20200529231516 0.0000 -0.0102 -0.0013 1000.6000 80.0000 180.0000 2.0000 26.5000 26.5000 0.0000 
59280 2020 5 30 0 65536.0000 20200529231516 991.0000 0.0499 0.1100 500.0000 5877.0000 243.0000 15.0000 -4.6000 -6.3000 1.7000 
59280 2020 5 30 0 65536.0000 20200529231516 0.0000 -0.0102 -0.0013 1000.0000 85.0000 180.0000 2.0000 26.5000 26.1000 0.4000 
59280 2020 5 30 0 65536.0000 20200529231516 535.0000 0.0174 0.0451 700.0000 3148.0000 241.0000 15.0000 10.0000 7.2000 2.8000 
59280 2020 5 30 0 8192.0000 20200529231516 970.0000 0.0487 0.1074 508.0000 999999.0000 999999.0000 999999.0000 -4.5000 -5.5000 1.0000 
59280 2020 5 30 0 8192.0000 20200529231516 1041.0000 0.0534 0.1169 482.0000 999999.0000 999999.0000 999999.0000 -4.5000 -8.1000 3.6000 
59280 2020 5 30 0 8192.0000 20200529231516 335.0000 0.0078 0.0195 800.0000 999999.0000 999999.0000 999999.0000 14.8000 12.9000 1.9000 
59280 2020 5 30 0 8192.0000 20200529231516 1451.0000 0.0800 0.1717 341.0000 999999.0000 999999.0000 999999.0000 -20.1000 -30.3000 10.2000 
59280 2020 5 30 0 8192.0000 20200529231516 678.0000 0.0276 0.0632 631.0000 999999.0000 999999.0000 999999.0000 6.3000 2.9000 3.4000 
59280 2020 5 30 0 8192.0000 20200529231516 1198.0000 0.0633 0.1386 423.0000 999999.0000 999999.0000 999999.0000 -12.0000 -13.1000 1.1000 
59280 2020 5 30 0 65536.0000 20200529231516 3528.0000 0.1599 0.2758 30.0000 23942.0000 111.0000 14.0000 -53.5000 999999.0000 999998.0000 
59280 2020 5 30 0 65536.0000 20200529231516 3862.0000 0.1689 0.2430 20.0000 26566.0000 90.0000 10.0000 -50.1000 999999.0000 999998.0000 
59280 2020 5 30 0 65536.0000 20200529231516 3113.0000 0.1602 0.3266 50.0000 20749.0000 89.0000 10.0000 -63.7000 999999.0000 999998.0000 
59280 2020 5 30 0 8192.0000 20200529231516 0.0000 -0.0102 -0.0013 1001.0000 999999.0000 999999.0000 999999.0000 26.5000 26.5000 0.0000 
59280 2020 5 30 12 8192.0000 20200530111536 1957.0000 0.0602 0.1796 216.0000 999999.0000 999999.0000 999999.0000 -89.9000 999999.0000 999998.0000 
59280 2020 5 30 12 8192.0000 20200530111536 1951.0000 0.0598 0.1788 217.0000 999999.0000 999999.0000 999999.0000 50.1000 999999.0000 999998.0000 
59280 2020 5 30 12 8192.0000 20200530111536 1966.0000 0.0611 0.1811 214.0000 999999.0000 999999.0000 999999.0000 41.8000 999999.0000 999998.0000 
59280 2020 5 30 12 8192.0000 20200530111536 1933.0000 0.0585 0.1766 221.0000 999999.0000 999999.0000 999999.0000 50.1000 999999.0000 999998.0000 
59280 2020 5 30 12 8192.0000 20200530111536 1927.0000 0.0581 0.1758 222.0000 999999.0000 999999.0000 999999.0000 50.1000 999999.0000 999998.0000 
59280 2020 5 30 12 8192.0000 20200530111536 1945.0000 0.0594 0.1781 219.0000 999999.0000 999999.0000 999999.0000 7.8000 999999.0000 999998.0000 
59280 2020 5 30 12 8192.0000 20200530111536 1993.0000 0.0628 0.1843 209.0000 999999.0000 999999.0000 999999.0000 -89.9000 999999.0000 999998.0000 
59280 2020 5 30 12 8192.0000 20200530111536 2027.0000 0.0654 0.1894 203.0000 999999.0000 999999.0000 999999.0000 -89.9000 999999.0000 999998.0000 
59280 2020 5 30 12 8192.0000 20200530111536 2006.0000 0.0637 0.1860 207.0000 999999.0000 999999.0000 999999.0000 -89.9000 999999.0000 999998.0000 
59280 2020 5 30 12 8192.0000 20200530111536 1974.0000 0.0615 0.1818 213.0000 999999.0000 999999.0000 999999.0000 -89.9000 999999.0000 999998.0000 
59280 2020 5 30 12 8192.0000 20200530111536 1939.0000 0.0589 0.1773 220.0000 999999.0000 999999.0000 999999.0000 -45.5000 999999.0000 999998.0000 
59280 2020 5 30 12 8192.0000 20200530111536 1986.0000 0.0624 0.1834 210.0000 999999.0000 999999.0000 999999.0000 -3.2000 999999.0000 999998.0000 
59280 2020 5 30 12 8192.0000 20200530111536 1980.0000 0.0619 0.1826 212.0000 999999.0000 999999.0000 999999.0000 4.4000 999999.0000 999998.0000 
59280 2020 5 30 12 8192.0000 20200530111536 1865.0000 0.0539 0.1686 236.0000 999999.0000 999999.0000 999999.0000 -41.4000 999999.0000 999998.0000 
59280 2020 5 30 12 8192.0000 20200530111536 1859.0000 0.0535 0.1679 238.0000 999999.0000 999999.0000 999999.0000 -23.4000 999999.0000 999998.0000 
59280 2020 5 30 12 8192.0000 20200530111536 1884.0000 0.0551 0.1707 232.0000 999999.0000 999999.0000 999999.0000 -42.5000 999999.0000 999998.0000 
59280 2020 5 30 12 8192.0000 20200530111536 1871.0000 0.0543 0.1693 235.0000 999999.0000 999999.0000 999999.0000 16.9000 999999.0000 999998.0000 
59280 2020 5 30 12 8192.0000 20200530111536 1848.0000 0.0526 0.1663 240.0000 999999.0000 999999.0000 999999.0000 33.4000 999999.0000 999998.0000 
59280 2020 5 30 12 8192.0000 20200530111536 1915.0000 0.0572 0.1743 225.0000 999999.0000 999999.0000 999999.0000 -89.9000 999999.0000 999998.0000 
59280 2020 5 30 12 8192.0000 20200530111536 1906.0000 0.0568 0.1736 227.0000 999999.0000 999999.0000 999999.0000 -89.9000 999999.0000 999998.0000 
59280 2020 5 30 12 8192.0000 20200530111536 1921.0000 0.0576 0.1751 223.0000 999999.0000 999999.0000 999999.0000 -89.9000 999999.0000 999998.0000 
59280 2020 5 30 12 8192.0000 20200530111536 1892.0000 0.0556 0.1715 230.0000 999999.0000 999999.0000 999999.0000 -42.9000 999999.0000 999998.0000 
59280 2020 5 30 12 8192.0000 20200530111536 1854.0000 0.0531 0.1671 239.0000 999999.0000 999999.0000 999999.0000 6.6000 999999.0000 999998.0000 
59280 2020 5 30 12 8192.0000 20200530111536 1898.0000 0.0560 0.1722 228.0000 999999.0000 999999.0000 999999.0000 50.1000 999999.0000 999998.0000 
59280 2020 5 30 12 8192.0000 20200530111536 2181.0000 0.0747 0.2116 172.0000 999999.0000 999999.0000 999999.0000 -59.5000 999999.0000 999998.0000 
59280 2020 5 30 12 8192.0000 20200530111536 2195.0000 0.0753 0.2133 169.0000 999999.0000 999999.0000 999999.0000 -89.9000 999999.0000 999998.0000 
59280 2020 5 30 12 8192.0000 20200530111536 2189.0000 0.0750 0.2124 170.0000 999999.0000 999999.0000 999999.0000 -59.8000 999999.0000 999998.0000 
59280 2020 5 30 12 8192.0000 20200530111536 2145.0000 0.0727 0.2064 179.0000 999999.0000 999999.0000 999999.0000 -89.9000 999999.0000 999998.0000 
59280 2020 5 30 12 8192.0000 20200530111536 2133.0000 0.0720 0.2047 181.0000 999999.0000 999999.0000 999999.0000 -89.9000 999999.0000 999998.0000 
59280 2020 5 30 12 8192.0000 20200530111536 2172.0000 0.0740 0.2098 174.0000 999999.0000 999999.0000 999999.0000 -89.9000 999999.0000 999998.0000 
59280 2020 5 30 12 8192.0000 20200530111536 2359.0000 0.0825 0.2370 141.0000 999999.0000 999999.0000 999999.0000 -69.4000 999999.0000 999998.0000 
59280 2020 5 30 12 8192.0000 20200530111536 2265.0000 0.0784 0.2239 158.0000 999999.0000 999999.0000 999999.0000 -63.6000 999999.0000 999998.0000 
59280 2020 5 30 12 8192.0000 20200530111536 2384.0000 0.0838 0.2403 136.0000 999999.0000 999999.0000 999999.0000 -71.2000 999999.0000 999998.0000 
59280 2020 5 30 12 8192.0000 20200530111536 2214.0000 0.0762 0.2160 166.0000 999999.0000 999999.0000 999999.0000 -89.8000 999999.0000 999998.0000 
59280 2020 5 30 12 8192.0000 20200530111536 2151.0000 0.0731 0.2072 177.0000 999999.0000 999999.0000 999999.0000 -89.9000 999999.0000 999998.0000 
59280 2020 5 30 12 8192.0000 20200530111536 2255.0000 0.0779 0.2221 160.0000 999999.0000 999999.0000 999999.0000 -63.2000 999999.0000 999998.0000 
59280 2020 5 30 12 8192.0000 20200530111536 2074.0000 0.0684 0.1963 193.0000 999999.0000 999999.0000 999999.0000 50.1000 999999.0000 999998.0000 
59280 2020 5 30 12 8192.0000 20200530111536 2069.0000 0.0680 0.1954 194.0000 999999.0000 999999.0000 999999.0000 41.0000 999999.0000 999998.0000 
59280 2020 5 30 12 8192.0000 20200530111536 2086.0000 0.0691 0.1980 191.0000 999999.0000 999999.0000 999999.0000 -89.9000 999999.0000 999998.0000 
59280 2020 5 30 12 8192.0000 20200530111536 2048.0000 0.0666 0.1920 198.0000 999999.0000 999999.0000 999999.0000 -89.9000 999999.0000 999998.0000 
59280 2020 5 30 12 8192.0000 20200530111536 2036.0000 0.0659 0.1903 201.0000 999999.0000 999999.0000 999999.0000 50.1000 999999.0000 999998.0000 
59280 2020 5 30 12 8192.0000 20200530111536 2062.0000 0.0677 0.1946 196.0000 999999.0000 999999.0000 999999.0000 18.2000 999999.0000 999998.0000 
59280 2020 5 30 12 8192.0000 20200530111536 2109.0000 0.0705 0.2014 186.0000 999999.0000 999999.0000 999999.0000 41.2000 999999.0000 999998.0000 
59280 2020 5 30 12 8192.0000 20200530111536 2127.0000 0.0716 0.2039 182.0000 999999.0000 999999.0000 999999.0000 50.1000 999999.0000 999998.0000 
59280 2020 5 30 12 8192.0000 20200530111536 2114.0000 0.0705 0.2014 184.0000 999999.0000 999999.0000 999999.0000 50.1000 999999.0000 999998.0000 
59280 2020 5 30 12 8192.0000 20200530111536 2092.0000 0.0694 0.1989 190.0000 999999.0000 999999.0000 999999.0000 36.6000 999999.0000 999998.0000 
59280 2020 5 30 12 8192.0000 20200530111536 2054.0000 0.0670 0.1928 197.0000 999999.0000 999999.0000 999999.0000 19.3000 999999.0000 999998.0000 
59280 2020 5 30 12 8192.0000 20200530111536 2102.0000 0.0698 0.1998 187.0000 999999.0000 999999.0000 999999.0000 36.2000 999999.0000 999998.0000 
59280 2020 5 30 12 8192.0000 20200530111536 2098.0000 0.0698 0.1998 188.0000 999999.0000 999999.0000 999999.0000 50.1000 999999.0000 999998.0000 
59280 2020 5 30 12 65536.0000 20200530111536 3325.0000 0.1178 0.3283 70.0000 19375.0000 249.0000 4.0000 1.7000 999999.0000 999998.0000 
59280 2020 5 30 12 65536.0000 20200530111536 2639.0000 0.0879 0.2678 100.0000 16931.0000 224.0000 7.0000 -75.7000 999999.0000 999998.0000 
59280 2020 5 30 12 65536.0000 20200530111536 3325.0000 0.1178 0.3283 50.0000 22072.0000 249.0000 4.0000 1.4000 999999.0000 999998.0000 
59280 2020 5 30 12 65536.0000 20200530111536 1807.0000 0.0496 0.1611 250.0000 11092.0000 237.0000 16.0000 -24.3000 999999.0000 999998.0000 
59280 2020 5 30 12 65536.0000 20200530111536 1615.0000 0.0358 0.1374 300.0000 9750.0000 238.0000 13.0000 -28.1000 -29.8000 1.7000 
59280 2020 5 30 12 65536.0000 20200530111536 2308.0000 0.0801 0.2298 150.0000 14553.0000 251.0000 16.0000 -66.4000 999999.0000 999998.0000 
59280 2020 5 30 12 65536.0000 20200530111536 3325.0000 0.1178 0.3283 7.0000 38580.0000 249.0000 4.0000 0.6000 999999.0000 999998.0000 
59280 2020 5 30 12 65536.0000 20200530111536 3325.0000 0.1178 0.3283 10.0000 35698.0000 249.0000 4.0000 0.6000 999999.0000 999998.0000 
59280 2020 5 30 12 65536.0000 20200530111536 3325.0000 0.1178 0.3283 5.0000 41305.0000 249.0000 4.0000 0.5000 999999.0000 999998.0000 
59280 2020 5 30 12 65536.0000 20200530111536 3325.0000 0.1178 0.3283 30.0000 26855.0000 249.0000 4.0000 1.0000 999999.0000 999998.0000 
59280 2020 5 30 12 65536.0000 20200530111536 2041.0000 0.0663 0.1912 200.0000 12675.0000 244.0000 16.0000 -89.9000 999999.0000 999998.0000 
59280 2020 5 30 12 65536.0000 20200530111536 3325.0000 0.1178 0.3283 20.0000 30113.0000 249.0000 4.0000 0.8000 999999.0000 999998.0000 
59280 2020 5 30 12 131072.0000 20200530111536 0.0000 -0.0102 -0.0013 1000.4000 80.0000 0.0000 0.0000 26.0000 25.8000 0.2000 
59280 2020 5 30 12 65536.0000 20200530111536 533.0000 0.0033 0.0223 700.0000 3161.0000 256.0000 10.0000 12.0000 4.5000 7.5000 
59280 2020 5 30 12 65536.0000 20200530111536 1273.0000 0.0187 0.0939 400.0000 7620.0000 254.0000 13.0000 -14.1000 -16.2000 2.1000 
59280 2020 5 30 12 65536.0000 20200530111536 990.0000 0.0141 0.0637 500.0000 5894.0000 258.0000 10.0000 -4.8000 -8.6000 3.8000 
59280 2020 5 30 12 65536.0000 20200530111536 1.0000 -0.0102 -0.0014 1000.0000 84.0000 0.0000 0.0000 26.0000 25.4000 0.6000 
59280 2020 5 30 12 65536.0000 20200530111536 251.0000 0.0003 0.0020 850.0000 1507.0000 242.0000 6.0000 19.7000 17.8000 1.9000 
59280 2020 5 30 12 65536.0000 20200530111536 122.0000 -0.0058 -0.0017 925.0000 771.0000 192.0000 6.0000 22.9000 22.9000 0.0000 
59280 2020 5 30 12 8192.0000 20200530111536 1786.0000 0.0481 0.1586 255.0000 999999.0000 999999.0000 999999.0000 17.5000 999999.0000 999998.0000 
59280 2020 5 30 12 8192.0000 20200530111536 1773.0000 0.0471 0.1571 258.0000 999999.0000 999999.0000 999999.0000 -36.5000 999999.0000 999998.0000 
59280 2020 5 30 12 8192.0000 20200530111536 1800.0000 0.0491 0.1602 252.0000 999999.0000 999999.0000 999999.0000 6.5000 999999.0000 999998.0000 
59280 2020 5 30 12 8192.0000 20200530111536 1792.0000 0.0486 0.1594 254.0000 999999.0000 999999.0000 999999.0000 2.9000 999999.0000 999998.0000 
59280 2020 5 30 12 8192.0000 20200530111536 1742.0000 0.0442 0.1524 266.0000 999999.0000 999999.0000 999999.0000 50.1000 46.0000 4.1000 
59280 2020 5 30 12 8192.0000 20200530111536 1760.0000 0.0456 0.1547 261.0000 999999.0000 999999.0000 999999.0000 50.1000 999999.0000 999998.0000 
59280 2020 5 30 12 8192.0000 20200530111536 1830.0000 0.0513 0.1640 245.0000 999999.0000 999999.0000 999999.0000 39.0000 999999.0000 999998.0000 
59280 2020 5 30 12 8192.0000 20200530111536 1824.0000 0.0509 0.1633 246.0000 999999.0000 999999.0000 999999.0000 50.1000 999999.0000 999998.0000 
59280 2020 5 30 12 8192.0000 20200530111536 1841.0000 0.0522 0.1656 242.0000 999999.0000 999999.0000 999999.0000 45.7000 999999.0000 999998.0000 
59280 2020 5 30 12 8192.0000 20200530111536 1833.0000 0.0517 0.1648 244.0000 999999.0000 999999.0000 999999.0000 -39.6000 999999.0000 999998.0000 
59280 2020 5 30 12 8192.0000 20200530111536 1807.0000 0.0496 0.1610 250.0000 999999.0000 999999.0000 999999.0000 -20.0000 999999.0000 999998.0000 
59280 2020 5 30 12 8192.0000 20200530111536 1754.0000 0.0451 0.1540 263.0000 999999.0000 999999.0000 999999.0000 -35.4000 999999.0000 999998.0000 
59280 2020 5 30 12 8192.0000 20200530111536 1818.0000 0.0504 0.1625 248.0000 999999.0000 999999.0000 999999.0000 50.1000 999999.0000 999998.0000 
59280 2020 5 30 12 8192.0000 20200530111536 1812.0000 0.0500 0.1617 249.0000 999999.0000 999999.0000 999999.0000 50.1000 999999.0000 999998.0000 
59280 2020 5 30 12 8192.0000 20200530111536 1126.0000 0.0156 0.0773 450.0000 999999.0000 999999.0000 999999.0000 -8.8000 -16.1000 7.3000 
59280 2020 5 30 12 8192.0000 20200530111536 1286.0000 0.0190 0.0953 396.0000 999999.0000 999999.0000 999999.0000 -14.4000 -18.9000 4.5000 
59280 2020 5 30 12 8192.0000 20200530111536 1236.0000 0.0175 0.0895 411.0000 999999.0000 999999.0000 999999.0000 -13.1000 -14.3000 1.2000 
59280 2020 5 30 12 8192.0000 20200530111536 0.0000 -0.0102 -0.0013 1000.0000 999999.0000 999999.0000 999999.0000 26.0000 25.8000 0.2000 
59280 2020 5 30 12 65536.0000 20200530111536 3408.0000 0.1181 0.3291 1.0000 56550.0000 247.0000 2.0000 1.2000 999999.0000 999998.0000 
59280 2020 5 30 12 8192.0000 20200530111536 855.0000 0.0112 0.0519 555.0000 999999.0000 999999.0000 999999.0000 -1.2000 -1.3000 0.1000 
59280 2020 5 30 12 8192.0000 20200530111536 1724.0000 0.0431 0.1502 271.0000 999999.0000 999999.0000 999999.0000 -33.7000 -35.8000 2.1000 
59280 2020 5 30 12 8192.0000 20200530111536 1738.0000 0.0442 0.1524 268.0000 999999.0000 999999.0000 999999.0000 -34.4000 -36.5000 2.1000 
59280 2020 5 30 12 8192.0000 20200530111536 1735.0000 0.0438 0.1517 269.0000 999999.0000 999999.0000 999999.0000 36.7000 32.9000 3.8000 
59280 2020 5 30 12 8192.0000 20200530111536 1315.0000 0.0199 0.0991 387.0000 999999.0000 999999.0000 999999.0000 -15.4000 -16.6000 1.2000 
59280 2020 5 30 12 8192.0000 20200530111536 596.0000 0.0046 0.0274 669.0000 999999.0000 999999.0000 999999.0000 10.2000 4.2000 6.0000 
59280 2020 5 30 12 8192.0000 20200530111536 1410.0000 0.0237 0.1130 360.0000 999999.0000 999999.0000 999999.0000 -18.7000 -20.4000 1.7000 
59280 2020 5 30 12 8192.0000 20200530111536 1336.0000 0.0207 0.1024 382.0000 999999.0000 999999.0000 999999.0000 -16.1000 -19.6000 3.5000 
59280 2020 5 30 12 8192.0000 20200530111536 3316.0000 0.1179 0.3283 717.0000 999999.0000 999999.0000 999999.0000 14.0000 999999.0000 999998.0000 
59280 2020 5 30 12 8192.0000 20200530111536 3323.0000 0.1178 0.3283 731.0000 999999.0000 999999.0000 999999.0000 13.9000 999999.0000 999998.0000 
59280 2020 5 30 12 8192.0000 20200530111536 3264.0000 0.1170 0.3264 628.0000 999999.0000 999999.0000 999999.0000 6.2000 999999.0000 999998.0000 
59280 2020 5 30 12 8192.0000 20200530111536 3296.0000 0.1177 0.3280 683.0000 999999.0000 999999.0000 999999.0000 10.4000 999999.0000 999998.0000 
59280 2020 5 30 12 8192.0000 20200530111536 3326.0000 0.1178 0.3283 647.0000 999999.0000 999999.0000 999999.0000 39.0000 999999.0000 999998.0000 
59280 2020 5 30 12 8192.0000 20200530111536 3329.0000 0.1178 0.3283 1.0000 999999.0000 999999.0000 999999.0000 0.8000 999999.0000 999998.0000 
59280 2020 5 30 12 8192.0000 20200530111536 3328.0000 0.1178 0.3283 657.0000 999999.0000 999999.0000 999999.0000 -89.3000 999999.0000 999998.0000 
59280 2020 5 30 12 8192.0000 20200530111536 3325.0000 0.1178 0.3283 27.0000 999999.0000 999999.0000 999999.0000 0.9000 999999.0000 999998.0000 
59280 2020 5 30 12 8192.0000 20200530111536 3325.0000 0.1178 0.3283 1.0000 999999.0000 999999.0000 999999.0000 0.5000 999999.0000 999998.0000 
59280 2020 5 30 12 8192.0000 20200530111536 3136.0000 0.1143 0.3144 428.0000 999999.0000 999999.0000 999999.0000 -8.2000 999999.0000 999998.0000 
59280 2020 5 30 12 8192.0000 20200530111536 3202.0000 0.1156 0.3215 527.0000 999999.0000 999999.0000 999999.0000 -2.3000 999999.0000 999998.0000 
59280 2020 5 30 12 8192.0000 20200530111536 3138.0000 0.1143 0.3144 431.0000 999999.0000 999999.0000 999999.0000 -11.5000 999999.0000 999998.0000 
59280 2020 5 30 12 8192.0000 20200530111536 3123.0000 0.1142 0.3131 408.0000 999999.0000 999999.0000 999999.0000 -9.2000 999999.0000 999998.0000 
59280 2020 5 30 12 8192.0000 20200530111536 3118.0000 0.1141 0.3125 402.0000 999999.0000 999999.0000 999999.0000 -12.7000 999999.0000 999998.0000 
59280 2020 5 30 12 8192.0000 20200530111536 3133.0000 0.1143 0.3138 424.0000 999999.0000 999999.0000 999999.0000 -11.8000 999999.0000 999998.0000 
59280 2020 5 30 12 8192.0000 20200530111536 3223.0000 0.1160 0.3233 560.0000 999999.0000 999999.0000 999999.0000 0.4000 999999.0000 999998.0000 
59280 2020 5 30 12 8192.0000 20200530111536 3217.0000 0.1158 0.3227 551.0000 999999.0000 999999.0000 999999.0000 2.9000 999999.0000 999998.0000 
59280 2020 5 30 12 8192.0000 20200530111536 3254.0000 0.1167 0.3257 610.0000 999999.0000 999999.0000 999999.0000 8.0000 999999.0000 999998.0000 
59280 2020 5 30 12 8192.0000 20200530111536 3216.0000 0.1158 0.3227 548.0000 999999.0000 999999.0000 999999.0000 -0.8000 999999.0000 999998.0000 
59280 2020 5 30 12 8192.0000 20200530111536 3408.0000 0.1181 0.3291 1.0000 999999.0000 999999.0000 999999.0000 1.2000 999999.0000 999998.0000 
59280 2020 5 30 12 8192.0000 20200530111536 3378.0000 0.1179 0.3286 833.0000 999999.0000 999999.0000 999999.0000 -89.7000 999999.0000 999998.0000 
59280 2020 5 30 12 8192.0000 20200530111536 3377.0000 0.1179 0.3286 1.0000 999999.0000 999999.0000 999999.0000 0.3000 999999.0000 999998.0000 
59280 2020 5 30 12 8192.0000 20200530111536 3380.0000 0.1179 0.3286 837.0000 999999.0000 999999.0000 999999.0000 -89.7000 999999.0000 999998.0000 
59280 2020 5 30 12 8192.0000 20200530111536 3372.0000 0.1179 0.3285 822.0000 999999.0000 999999.0000 999999.0000 18.1000 999999.0000 999998.0000 
59280 2020 5 30 12 8192.0000 20200530111536 3366.0000 0.1179 0.3284 815.0000 999999.0000 999999.0000 999999.0000 17.6000 999999.0000 999998.0000 
59280 2020 5 30 12 8192.0000 20200530111536 3387.0000 0.1180 0.3288 847.0000 999999.0000 999999.0000 999999.0000 19.9000 999999.0000 999998.0000 
59280 2020 5 30 12 8192.0000 20200530111536 3405.0000 0.1181 0.3291 1000.0000 999999.0000 999999.0000 999999.0000 -89.9000 999999.0000 999998.0000 
59280 2020 5 30 12 8192.0000 20200530111536 3389.0000 0.1180 0.3288 1.0000 999999.0000 999999.0000 999999.0000 0.8000 999999.0000 999998.0000 
59280 2020 5 30 12 8192.0000 20200530111536 3381.0000 0.1180 0.3287 1.0000 999999.0000 999999.0000 999999.0000 0.3000 999999.0000 999998.0000 
59280 2020 5 30 12 8192.0000 20200530111536 3375.0000 0.1179 0.3286 826.0000 999999.0000 999999.0000 999999.0000 18.0000 999999.0000 999998.0000 
59280 2020 5 30 12 8192.0000 20200530111536 3386.0000 0.1180 0.3287 844.0000 999999.0000 999999.0000 999999.0000 19.1000 999999.0000 999998.0000 
59280 2020 5 30 12 8192.0000 20200530111536 2923.0000 0.1019 0.2875 176.0000 999999.0000 999999.0000 999999.0000 -51.7000 999999.0000 999998.0000 
59280 2020 5 30 12 8192.0000 20200530111536 2920.0000 0.1019 0.2875 173.0000 999999.0000 999999.0000 999999.0000 -56.9000 999999.0000 999998.0000 
59280 2020 5 30 12 8192.0000 20200530111536 2940.0000 0.1029 0.2902 192.0000 999999.0000 999999.0000 999999.0000 -53.1000 999999.0000 999998.0000 
59280 2020 5 30 12 8192.0000 20200530111536 2929.0000 0.1022 0.2884 181.0000 999999.0000 999999.0000 999999.0000 -55.0000 999999.0000 999998.0000 
59280 2020 5 30 12 8192.0000 20200530111536 2896.0000 0.1006 0.2838 151.0000 999999.0000 999999.0000 999999.0000 -65.7000 999999.0000 999998.0000 
59280 2020 5 30 12 8192.0000 20200530111536 2894.0000 0.1002 0.2829 150.0000 999999.0000 999999.0000 999999.0000 -64.0000 999999.0000 999998.0000 
59280 2020 5 30 12 8192.0000 20200530111536 2913.0000 0.1016 0.2866 166.0000 999999.0000 999999.0000 999999.0000 -54.5000 999999.0000 999998.0000 
59280 2020 5 30 12 8192.0000 20200530111536 3030.0000 0.1089 0.3017 287.0000 999999.0000 999999.0000 999999.0000 -27.9000 999999.0000 999998.0000 
59280 2020 5 30 12 8192.0000 20200530111536 3036.0000 0.1093 0.3024 295.0000 999999.0000 999999.0000 999999.0000 -27.8000 999999.0000 999998.0000 
59280 2020 5 30 12 8192.0000 20200530111536 3034.0000 0.1093 0.3024 293.0000 999999.0000 999999.0000 999999.0000 -23.9000 999999.0000 999998.0000 
59280 2020 5 30 12 8192.0000 20200530111536 3018.0000 0.1081 0.3004 274.0000 999999.0000 999999.0000 999999.0000 -32.5000 999999.0000 999998.0000 
59280 2020 5 30 12 8192.0000 20200530111536 2987.0000 0.1061 0.2968 240.0000 999999.0000 999999.0000 999999.0000 -37.8000 999999.0000 999998.0000 
59280 2020 5 30 12 8192.0000 20200530111536 3028.0000 0.1089 0.3017 286.0000 999999.0000 999999.0000 999999.0000 -24.7000 999999.0000 999998.0000 
59280 2020 5 30 12 8192.0000 20200530111536 2852.0000 0.0989 0.2779 119.0000 999999.0000 999999.0000 999999.0000 -70.5000 999999.0000 999998.0000 
59280 2020 5 30 12 8192.0000 20200530111536 2834.0000 0.0985 0.2760 107.0000 999999.0000 999999.0000 999999.0000 -74.7000 999999.0000 999998.0000 
59280 2020 5 30 12 8192.0000 20200530111536 2859.0000 0.0992 0.2792 124.0000 999999.0000 999999.0000 999999.0000 -73.5000 999999.0000 999998.0000 
59280 2020 5 30 12 8192.0000 20200530111536 2603.0000 0.0865 0.2673 105.0000 999999.0000 999999.0000 999999.0000 -73.7000 999999.0000 999998.0000 
59280 2020 5 30 12 8192.0000 20200530111536 2481.0000 0.0858 0.2557 120.0000 999999.0000 999999.0000 999999.0000 -75.4000 999999.0000 999998.0000 
59280 2020 5 30 12 8192.0000 20200530111536 2829.0000 0.0985 0.2760 105.0000 999999.0000 999999.0000 999999.0000 -73.4000 999999.0000 999998.0000 
59280 2020 5 30 12 8192.0000 20200530111536 2691.0000 0.0925 0.2688 94.1000 999999.0000 999999.0000 999999.0000 -78.7000 999999.0000 999998.0000 
59280 2020 5 30 12 8192.0000 20200530111536 2890.0000 0.1002 0.2829 146.0000 999999.0000 999999.0000 999999.0000 -66.8000 999999.0000 999998.0000 
59280 2020 5 30 12 8192.0000 20200530111536 3027.0000 0.1089 0.3017 284.0000 999999.0000 999999.0000 999999.0000 -28.2000 999999.0000 999998.0000 
59280 2020 5 30 12 8192.0000 20200530111536 2893.0000 0.1002 0.2829 149.0000 999999.0000 999999.0000 999999.0000 -58.9000 999999.0000 999998.0000 
59280 2020 5 30 12 8192.0000 20200530111536 2884.0000 0.0999 0.2820 141.0000 999999.0000 999999.0000 999999.0000 -68.1000 999999.0000 999998.0000 
59280 2020 5 30 12 8192.0000 20200530111536 2876.0000 0.0994 0.2805 135.0000 999999.0000 999999.0000 999999.0000 -70.9000 999999.0000 999998.0000 
59280 2020 5 30 12 8192.0000 20200530111536 2888.0000 0.0999 0.2820 145.0000 999999.0000 999999.0000 999999.0000 -66.6000 999999.0000 999998.0000 
59280 2020 5 30 12 8192.0000 20200530111536 3075.0000 0.1118 0.3073 344.0000 999999.0000 999999.0000 999999.0000 -19.8000 999999.0000 999998.0000 
59280 2020 5 30 12 8192.0000 20200530111536 3071.0000 0.1115 0.3065 338.0000 999999.0000 999999.0000 999999.0000 -17.0000 999999.0000 999998.0000 
59280 2020 5 30 12 8192.0000 20200530111536 3080.0000 0.1118 0.3073 350.0000 999999.0000 999999.0000 999999.0000 -19.4000 999999.0000 999998.0000 
59280 2020 5 30 12 8192.0000 20200530111536 3065.0000 0.1111 0.3058 330.0000 999999.0000 999999.0000 999999.0000 -17.3000 999999.0000 999998.0000 
59280 2020 5 30 12 8192.0000 20200530111536 3060.0000 0.1108 0.3050 324.0000 999999.0000 999999.0000 999999.0000 -18.5000 999999.0000 999998.0000 
59280 2020 5 30 12 8192.0000 20200530111536 3078.0000 0.1118 0.3073 348.0000 999999.0000 999999.0000 999999.0000 -15.3000 999999.0000 999998.0000 
59280 2020 5 30 12 8192.0000 20200530111536 3068.0000 0.1111 0.3058 334.0000 999999.0000 999999.0000 999999.0000 -21.5000 999999.0000 999998.0000 
59280 2020 5 30 12 8192.0000 20200530111536 3113.0000 0.1137 0.3117 395.0000 999999.0000 999999.0000 999999.0000 -9.4000 999999.0000 999998.0000 
59280 2020 5 30 12 8192.0000 20200530111536 3098.0000 0.1128 0.3095 374.0000 999999.0000 999999.0000 999999.0000 -16.7000 999999.0000 999998.0000 
59280 2020 5 30 12 8192.0000 20200530111536 3383.0000 0.1180 0.3287 838.0000 999999.0000 999999.0000 999999.0000 -89.7000 999999.0000 999998.0000 
59280 2020 5 30 12 8192.0000 20200530111536 3088.0000 0.1124 0.3088 360.0000 999999.0000 999999.0000 999999.0000 -18.4000 999999.0000 999998.0000 
59280 2020 5 30 12 8192.0000 20200530111536 3094.0000 0.1128 0.3095 368.0000 999999.0000 999999.0000 999999.0000 -13.1000 999999.0000 999998.0000 
59280 2020 5 30 12 8192.0000 20200530111536 3054.0000 0.1104 0.3044 317.0000 999999.0000 999999.0000 999999.0000 -18.9000 999999.0000 999998.0000 
59280 2020 5 30 12 8192.0000 20200530111536 3048.0000 0.1100 0.3037 309.0000 999999.0000 999999.0000 999999.0000 -23.5000 999999.0000 999998.0000 
59280 2020 5 30 12 8192.0000 20200530111536 3039.0000 0.1096 0.3030 298.0000 999999.0000 999999.0000 999999.0000 -25.7000 999999.0000 999998.0000 
59280 2020 5 30 12 8192.0000 20200530111536 3037.0000 0.1093 0.3024 297.0000 999999.0000 999999.0000 999999.0000 -23.5000 999999.0000 999998.0000 
59280 2020 5 30 12 8192.0000 20200530111536 3045.0000 0.1100 0.3037 306.0000 999999.0000 999999.0000 999999.0000 -20.7000 999999.0000 999998.0000 
59280 2020 5 30 12 8192.0000 20200530111536 2887.0000 0.0999 0.2820 144.0000 999999.0000 999999.0000 999999.0000 -62.7000 999999.0000 999998.0000 
59280 2020 5 30 12 8192.0000 20200530111536 3059.0000 0.1108 0.3050 323.0000 999999.0000 999999.0000 999999.0000 -22.8000 999999.0000 999998.0000 
59280 2020 5 30 12 65536.0000 20200530111536 2039.0000 0.0662 0.1910 200.0000 12527.0000 244.0000 16.0000 999999.0000 999999.0000 999998.0000 
59280 2020 5 30 12 65536.0000 20200530111536 2308.0000 0.0801 0.2298 150.0000 14302.0000 251.0000 16.0000 -66.4000 999999.0000 999998.0000 
59280 2020 5 30 12 65536.0000 20200530111536 1615.0000 0.0358 0.1374 300.0000 9750.0000 238.0000 13.0000 -28.1000 -29.8000 1.7000 
59280 2020 5 30 12 65536.0000 20200530111536 1808.0000 0.0497 0.1612 250.0000 11031.0000 237.0000 16.0000 -38.2000 -40.8000 2.6000 
59280 2020 5 30 12 8192.0000 20200530111536 0.0000 -0.0102 -0.0013 1000.0000 999999.0000 999999.0000 999999.0000 26.0000 25.8000 0.2000 
59280 2020 5 30 12 8192.0000 20200530111536 594.0000 0.0046 0.0274 670.0000 999999.0000 999999.0000 999999.0000 10.3000 4.2000 6.1000 
59280 2020 5 30 12 65536.0000 20200530111536 2639.0000 0.0879 0.2678 100.0000 16680.0000 224.0000 7.0000 -75.7000 999999.0000 999998.0000 
59280 2020 5 30 12 65536.0000 20200530111536 122.0000 -0.0058 -0.0017 925.0000 771.0000 192.0000 6.0000 22.9000 22.9000 0.0000 
59280 2020 5 30 12 65536.0000 20200530111536 251.0000 0.0003 0.0020 850.0000 1507.0000 242.0000 6.0000 19.7000 17.8000 1.9000 
59280 2020 5 30 12 131072.0000 20200530111536 0.0000 -0.0102 -0.0013 1000.4000 80.0000 0.0000 0.0000 26.0000 25.8000 0.2000 
59280 2020 5 30 12 65536.0000 20200530111536 1.0000 -0.0102 -0.0014 1000.0000 84.0000 0.0000 0.0000 26.0000 25.4000 0.6000 
59280 2020 5 30 12 65536.0000 20200530111536 990.0000 0.0141 0.0637 500.0000 5894.0000 258.0000 10.0000 -4.8000 -8.6000 3.8000 
59280 2020 5 30 12 65536.0000 20200530111536 1273.0000 0.0187 0.0939 400.0000 7620.0000 254.0000 13.0000 -14.1000 -16.2000 2.1000 
59280 2020 5 30 12 65536.0000 20200530111536 533.0000 0.0033 0.0223 700.0000 3161.0000 256.0000 10.0000 12.0000 4.5000 7.5000 
59280 2020 5 30 12 8192.0000 20200530111536 2599.0000 0.0862 0.2673 106.0000 999999.0000 999999.0000 999999.0000 -73.7000 999999.0000 999998.0000 
59280 2020 5 30 12 8192.0000 20200530111536 2691.0000 0.0925 0.2688 94.1000 999999.0000 999999.0000 999999.0000 -78.7000 999999.0000 999998.0000 
59280 2020 5 30 12 8192.0000 20200530111536 2175.0000 0.0743 0.2107 173.0000 999999.0000 999999.0000 999999.0000 -59.0000 -63.1000 4.1000 
59280 2020 5 30 12 8192.0000 20200530111536 2483.0000 0.0858 0.2557 119.0000 999999.0000 999999.0000 999999.0000 -75.4000 999999.0000 999998.0000 
59280 2020 5 30 12 8192.0000 20200530111536 2789.0000 0.0978 0.2738 85.6000 999999.0000 999999.0000 999999.0000 -76.4000 999999.0000 999998.0000 
59280 2020 5 30 12 8192.0000 20200530111536 1236.0000 0.0175 0.0895 411.0000 999999.0000 999999.0000 999999.0000 -13.1000 -14.3000 1.2000 
59280 2020 5 30 12 8192.0000 20200530111536 1286.0000 0.0190 0.0953 396.0000 999999.0000 999999.0000 999999.0000 -14.4000 -18.9000 4.5000 
59280 2020 5 30 12 8192.0000 20200530111536 855.0000 0.0112 0.0519 555.0000 999999.0000 999999.0000 999999.0000 -1.2000 -1.3000 0.1000 
59280 2020 5 30 12 8192.0000 20200530111536 1126.0000 0.0156 0.0773 450.0000 999999.0000 999999.0000 999999.0000 -8.8000 -16.1000 7.3000 
59280 2020 5 30 12 8192.0000 20200530111536 1939.0000 0.0589 0.1773 220.0000 999999.0000 999999.0000 999999.0000 -45.5000 -48.6000 3.1000 
59280 2020 5 30 12 8192.0000 20200530111536 2057.0000 0.0673 0.1937 196.0000 999999.0000 999999.0000 999999.0000 999999.0000 999999.0000 999998.0000 
59280 2020 5 30 12 8192.0000 20200530111536 1315.0000 0.0199 0.0991 387.0000 999999.0000 999999.0000 999999.0000 -15.4000 -16.6000 1.2000 
59280 2020 5 30 12 8192.0000 20200530111536 1398.0000 0.0230 0.1112 364.0000 999999.0000 999999.0000 999999.0000 -18.2000 -20.0000 1.8000 
59280 2020 5 31 0 65536.0000 20200530231554 992.0000 0.0341 0.0589 500.0000 5904.0000 232.0000 13.0000 -3.8000 -7.3000 3.5000 
59280 2020 5 31 0 8192.0000 20200530231554 0.0000 -0.0102 -0.0013 1002.0000 999999.0000 999999.0000 999999.0000 25.9000 25.9000 0.0000 
59280 2020 5 31 0 8192.0000 20200530231554 546.0000 0.0106 0.0247 691.0000 999999.0000 999999.0000 999999.0000 11.0000 6.1000 4.9000 
59280 2020 5 31 0 65536.0000 20200530231554 4.0000 -0.0102 -0.0014 1000.0000 101.0000 0.0000 0.0000 25.8000 25.0000 0.8000 
59280 2020 5 31 0 131072.0000 20200530231554 0.0000 -0.0102 -0.0013 1002.4000 80.0000 0.0000 0.0000 25.9000 25.9000 0.0000 
59280 2020 5 31 0 65536.0000 20200530231554 250.0000 -0.0038 0.0035 850.0000 1523.0000 233.0000 7.0000 18.7000 18.3000 0.4000 
59280 2020 5 31 0 65536.0000 20200530231554 122.0000 -0.0083 -0.0013 925.0000 788.0000 217.0000 5.0000 22.7000 22.3000 0.4000 
59280 2020 5 31 0 8192.0000 20200530231554 697.0000 0.0187 0.0359 621.0000 999999.0000 999999.0000 999999.0000 4.9000 3.2000 1.7000 
59280 2020 5 31 0 65536.0000 20200530231554 529.0000 0.0098 0.0234 700.0000 3171.0000 234.0000 10.0000 11.1000 6.8000 4.3000 
59280 2020 5 31 0 8192.0000 20200530231554 1067.0000 0.0384 0.0671 472.0000 999999.0000 999999.0000 999999.0000 -7.0000 -7.4000 0.4000 
59280 2020 5 31 0 8192.0000 20200530231554 1015.0000 0.0357 0.0612 491.0000 999999.0000 999999.0000 999999.0000 -4.8000 -9.4000 4.6000 
59280 2020 5 31 0 8192.0000 20200530231554 1261.0000 0.0470 0.0903 409.0000 999999.0000 999999.0000 999999.0000 -13.1000 -15.3000 2.2000 
59280 2020 5 31 0 65536.0000 20200530231554 2692.0000 0.1128 0.3201 100.0000 16752.0000 261.0000 7.0000 -75.7000 999999.0000 999998.0000 
59280 2020 5 31 0 65536.0000 20200530231554 2984.0000 0.1066 0.3312 70.0000 18800.0000 999999.0000 999999.0000 -75.9000 999999.0000 999998.0000 
59280 2020 5 31 0 65536.0000 20200530231554 2071.0000 0.0868 0.2220 200.0000 12532.0000 246.0000 20.0000 -50.7000 -56.3000 5.6000 
59280 2020 5 31 0 65536.0000 20200530231554 2351.0000 0.1068 0.2736 150.0000 14347.0000 249.0000 20.0000 -64.2000 999999.0000 999998.0000 
59280 2020 5 31 0 8192.0000 20200530231554 546.0000 0.0106 0.0247 691.0000 999999.0000 999999.0000 999999.0000 11.2000 6.3000 4.9000 
59280 2020 5 31 0 8192.0000 20200530231554 697.0000 0.0187 0.0359 621.0000 999999.0000 999999.0000 999999.0000 5.1000 3.4000 1.7000 
59280 2020 5 31 0 8192.0000 20200530231554 0.0000 -0.0102 -0.0013 1002.0000 999999.0000 999999.0000 999999.0000 25.9000 25.9000 0.0000 
59280 2020 5 31 0 65536.0000 20200530231554 1837.0000 0.0766 0.1799 250.0000 11041.0000 265.0000 19.0000 -38.7000 -45.2000 6.5000 
59280 2020 5 31 0 65536.0000 20200530231554 250.0000 -0.0038 0.0035 850.0000 1524.0000 233.0000 7.0000 18.7000 18.3000 0.4000 
59280 2020 5 31 0 65536.0000 20200530231554 529.0000 0.0098 0.0234 700.0000 3172.0000 234.0000 10.0000 11.2000 6.9000 4.3000 
59280 2020 5 31 0 65536.0000 20200530231554 4.0000 -0.0102 -0.0014 1000.0000 101.0000 0.0000 0.0000 25.8000 25.0000 0.8000 
59280 2020 5 31 0 65536.0000 20200530231554 122.0000 -0.0083 -0.0013 925.0000 788.0000 217.0000 5.0000 22.7000 22.3000 0.4000 
59280 2020 5 31 0 65536.0000 20200530231554 1289.0000 0.0485 0.0939 400.0000 7638.0000 246.0000 14.0000 -13.7000 -16.1000 2.4000 
59280 2020 5 31 0 65536.0000 20200530231554 1634.0000 0.0726 0.1444 300.0000 9761.0000 255.0000 17.0000 -28.8000 -33.2000 4.4000 
59280 2020 5 31 0 65536.0000 20200530231554 992.0000 0.0341 0.0589 500.0000 5907.0000 232.0000 13.0000 -3.6000 -7.1000 3.5000 
59280 2020 5 31 0 8192.0000 20200530231554 2962.0000 0.1075 0.3315 71.9000 999999.0000 999999.0000 999999.0000 -74.4000 999999.0000 999998.0000 
59280 2020 5 31 0 8192.0000 20200530231554 3001.0000 0.1060 0.3310 68.6000 999999.0000 999999.0000 999999.0000 -75.7000 999999.0000 999998.0000 
59280 2020 5 31 0 8192.0000 20200530231554 2781.0000 0.1142 0.3268 89.6000 999999.0000 999999.0000 999999.0000 -79.0000 999999.0000 999998.0000 
59280 2020 5 31 0 8192.0000 20200530231554 2886.0000 0.1104 0.3310 79.4000 999999.0000 999999.0000 999999.0000 -78.1000 999999.0000 999998.0000 
59280 2020 5 31 0 8192.0000 20200530231554 2656.0000 0.1115 0.3181 105.0000 999999.0000 999999.0000 999999.0000 -73.7000 999999.0000 999998.0000 
59280 2020 5 31 0 8192.0000 20200530231554 1212.0000 0.0450 0.0842 424.0000 999999.0000 999999.0000 999999.0000 -10.7000 -13.5000 2.8000 
59280 2020 5 31 0 8192.0000 20200530231554 1483.0000 0.0626 0.1209 341.0000 999999.0000 999999.0000 999999.0000 -22.6000 -23.4000 0.8000 
59280 2020 5 31 0 8192.0000 20200530231554 1015.0000 0.0357 0.0612 491.0000 999999.0000 999999.0000 999999.0000 -4.7000 -9.3000 4.6000 
59280 2020 5 31 0 8192.0000 20200530231554 1067.0000 0.0384 0.0671 472.0000 999999.0000 999999.0000 999999.0000 -6.8000 -7.2000 0.4000 
59280 2020 5 31 0 8192.0000 20200530231554 2479.0000 0.1125 0.2968 130.0000 999999.0000 999999.0000 999999.0000 -71.1000 999999.0000 999998.0000 
59280 2020 5 31 0 8192.0000 20200530231554 2589.0000 0.1112 0.3135 113.0000 999999.0000 999999.0000 999999.0000 -71.4000 999999.0000 999998.0000 
59280 2020 5 31 0 8192.0000 20200530231554 1673.0000 0.0739 0.1515 290.0000 999999.0000 999999.0000 999999.0000 -29.9000 -35.4000 5.5000 
59280 2020 5 31 0 8192.0000 20200530231554 2100.0000 0.0891 0.2275 194.0000 999999.0000 999999.0000 999999.0000 -52.1000 -57.8000 5.7000 
59280 2020 5 31 0 131072.0000 20200530231554 0.0000 -0.0102 -0.0013 1002.4000 80.0000 0.0000 0.0000 25.9000 25.9000 0.0000 
59280 2020 5 31 0 65536.0000 20200530231554 3707.0000 0.0993 0.2507 30.0000 24004.0000 106.0000 13.0000 -51.3000 999999.0000 999998.0000 
59280 2020 5 31 0 65536.0000 20200530231554 4043.0000 0.1092 0.2166 20.0000 26664.0000 88.0000 12.0000 -49.3000 999999.0000 999998.0000 
59280 2020 5 31 0 65536.0000 20200530231554 2985.0000 0.1065 0.3311 70.0000 18800.0000 36.0000 4.0000 -75.7000 999999.0000 999998.0000 
59280 2020 5 31 0 65536.0000 20200530231554 3264.0000 0.0991 0.3125 50.0000 20789.0000 76.0000 11.0000 -63.8000 999999.0000 999998.0000 
59280 2020 5 31 0 65536.0000 20200530231554 2692.0000 0.1128 0.3201 100.0000 16752.0000 261.0000 7.0000 -75.7000 999999.0000 999998.0000 
59280 2020 5 31 0 8192.0000 20200530231554 697.0000 0.0187 0.0359 621.0000 999999.0000 999999.0000 999999.0000 5.1000 3.4000 1.7000 
59280 2020 5 31 0 8192.0000 20200530231554 1015.0000 0.0357 0.0612 491.0000 999999.0000 999999.0000 999999.0000 -4.7000 -9.3000 4.6000 
59280 2020 5 31 0 8192.0000 20200530231554 546.0000 0.0106 0.0247 691.0000 999999.0000 999999.0000 999999.0000 11.2000 6.3000 4.9000 
59280 2020 5 31 0 8192.0000 20200530231554 0.0000 -0.0102 -0.0013 1002.0000 999999.0000 999999.0000 999999.0000 25.9000 25.9000 0.0000 
59280 2020 5 31 0 65536.0000 20200530231554 529.0000 0.0098 0.0234 700.0000 3172.0000 234.0000 10.0000 11.2000 6.9000 4.3000 
59280 2020 5 31 0 65536.0000 20200530231554 250.0000 -0.0038 0.0035 850.0000 1524.0000 233.0000 7.0000 18.7000 18.3000 0.4000 
59280 2020 5 31 0 65536.0000 20200530231554 4.0000 -0.0102 -0.0014 1000.0000 101.0000 0.0000 0.0000 25.8000 25.0000 0.8000 
59280 2020 5 31 0 65536.0000 20200530231554 122.0000 -0.0083 -0.0013 925.0000 788.0000 217.0000 5.0000 22.7000 22.3000 0.4000 
59280 2020 5 31 0 131072.0000 20200530231554 0.0000 -0.0102 -0.0013 1002.4000 80.0000 0.0000 0.0000 25.9000 25.9000 0.0000 
59280 2020 5 31 0 65536.0000 20200530231554 2071.0000 0.0868 0.2220 200.0000 12532.0000 246.0000 20.0000 -50.7000 -56.3000 5.6000 
59280 2020 5 31 0 65536.0000 20200530231554 2351.0000 0.1068 0.2736 150.0000 14347.0000 249.0000 20.0000 -64.2000 999999.0000 999998.0000 
59280 2020 5 31 0 65536.0000 20200530231554 1837.0000 0.0766 0.1799 250.0000 11041.0000 265.0000 19.0000 -38.7000 -45.2000 6.5000 
59280 2020 5 31 0 65536.0000 20200530231554 1289.0000 0.0485 0.0939 400.0000 7638.0000 246.0000 14.0000 -13.7000 -16.1000 2.4000 
59280 2020 5 31 0 65536.0000 20200530231554 1634.0000 0.0726 0.1444 300.0000 9761.0000 255.0000 17.0000 -28.8000 -33.2000 4.4000 
59280 2020 5 31 0 8192.0000 20200530231554 4360.0000 0.1184 0.1692 13.4000 999999.0000 999999.0000 999999.0000 -43.0000 999999.0000 999998.0000 
59280 2020 5 31 0 8192.0000 20200530231554 4441.0000 0.1245 0.1579 12.0000 999999.0000 999999.0000 999999.0000 -44.2000 999999.0000 999998.0000 
59280 2020 5 31 0 8192.0000 20200530231554 4103.0000 0.1076 0.2091 18.5000 999999.0000 999999.0000 999999.0000 -49.7000 999999.0000 999998.0000 
59280 2020 5 31 0 8192.0000 20200530231554 3682.0000 0.0983 0.2536 31.1000 999999.0000 999999.0000 999999.0000 -50.8000 999999.0000 999998.0000 
59280 2020 5 31 0 8192.0000 20200530231554 3934.0000 0.1087 0.2274 22.9000 999999.0000 999999.0000 999999.0000 -47.1000 999999.0000 999998.0000 
59280 2020 5 31 0 8192.0000 20200530231554 3626.0000 0.0971 0.2623 33.2000 999999.0000 999999.0000 999999.0000 -55.6000 999999.0000 999998.0000 
59280 2020 5 31 0 8192.0000 20200530231554 1673.0000 0.0739 0.1515 290.0000 999999.0000 999999.0000 999999.0000 -29.9000 -35.4000 5.5000 
59280 2020 5 31 0 8192.0000 20200530231554 2100.0000 0.0891 0.2275 194.0000 999999.0000 999999.0000 999999.0000 -52.1000 -57.8000 5.7000 
59280 2020 5 31 0 8192.0000 20200530231554 1483.0000 0.0626 0.1209 341.0000 999999.0000 999999.0000 999999.0000 -22.6000 -23.4000 0.8000 
59280 2020 5 31 0 8192.0000 20200530231554 1067.0000 0.0384 0.0671 472.0000 999999.0000 999999.0000 999999.0000 -6.8000 -7.2000 0.4000 
59280 2020 5 31 0 8192.0000 20200530231554 1212.0000 0.0450 0.0842 424.0000 999999.0000 999999.0000 999999.0000 -10.7000 -13.5000 2.8000 
59280 2020 5 31 0 65536.0000 20200530231554 992.0000 0.0341 0.0589 500.0000 5907.0000 232.0000 13.0000 -3.6000 -7.1000 3.5000 
59280 2020 5 31 0 8192.0000 20200530231554 3134.0000 0.1036 0.3236 58.4000 999999.0000 999999.0000 999999.0000 -73.5000 999999.0000 999998.0000 
59280 2020 5 31 0 8192.0000 20200530231554 3242.0000 0.0994 0.3152 51.5000 999999.0000 999999.0000 999999.0000 -63.4000 999999.0000 999998.0000 
59280 2020 5 31 0 8192.0000 20200530231554 2779.0000 0.1142 0.3264 89.7000 999999.0000 999999.0000 999999.0000 -78.9000 999999.0000 999998.0000 
59280 2020 5 31 0 8192.0000 20200530231554 2589.0000 0.1112 0.3135 113.0000 999999.0000 999999.0000 999999.0000 -71.4000 999999.0000 999998.0000 
59280 2020 5 31 0 8192.0000 20200530231554 2656.0000 0.1115 0.3181 105.0000 999999.0000 999999.0000 999999.0000 -73.7000 999999.0000 999998.0000 
59280 2020 5 31 0 8192.0000 20200530231554 2479.0000 0.1125 0.2968 130.0000 999999.0000 999999.0000 999999.0000 -71.1000 999999.0000 999998.0000 
59316 2020 5 30 0 65536.0000 20200529231504 616.0000 0.0350 0.0295 700.0000 3171.0000 252.0000 12.0000 10.2000 10.2000 0.0000 
59316 2020 5 30 0 65536.0000 20200529231504 1129.0000 0.0616 0.0776 500.0000 5899.0000 248.0000 10.0000 -4.9000 -4.9000 0.0000 
59316 2020 5 30 0 65536.0000 20200529231504 17.0000 -0.0008 -0.0136 1000.0000 107.0000 161.0000 2.0000 25.4000 25.1000 0.3000 
59316 2020 5 30 0 131072.0000 20200529231504 0.0000 -0.0013 -0.0133 1011.8000 3.0000 158.0000 1.0000 26.7000 25.3000 1.4000 
59316 2020 5 30 0 65536.0000 20200529231504 292.0000 0.0158 -0.0021 850.0000 1524.0000 220.0000 12.0000 18.4000 18.4000 0.0000 
59316 2020 5 30 0 65536.0000 20200529231504 150.0000 0.0052 -0.0109 925.0000 791.0000 219.0000 9.0000 22.0000 21.5000 0.5000 
59316 2020 5 30 0 8192.0000 20200529231504 597.0000 0.0345 0.0276 708.0000 999999.0000 999999.0000 999999.0000 11.0000 9.9000 1.1000 
59316 2020 5 30 0 8192.0000 20200529231504 0.0000 -0.0013 -0.0133 1012.0000 999999.0000 999999.0000 999999.0000 26.7000 25.3000 1.4000 
59316 2020 5 30 0 8192.0000 20200529231504 1140.0000 0.0620 0.0786 496.0000 999999.0000 999999.0000 999999.0000 -5.1000 -5.1000 0.0000 
59316 2020 5 30 0 8192.0000 20200529231504 1213.0000 0.0665 0.0851 473.0000 999999.0000 999999.0000 999999.0000 -6.6000 -6.8000 0.2000 
59316 2020 5 30 0 8192.0000 20200529231504 814.0000 0.0441 0.0515 618.0000 999999.0000 999999.0000 999999.0000 5.5000 3.4000 2.1000 
59316 2020 5 30 0 8192.0000 20200529231504 2008.0000 0.0940 0.1653 247.0000 999999.0000 999999.0000 999999.0000 -38.0000 -40.6000 2.6000 
59316 2020 5 30 0 65536.0000 20200529231504 2754.0000 0.1349 0.2675 100.0000 16748.0000 999999.0000 999999.0000 -77.5000 999999.0000 999998.0000 
59316 2020 5 30 0 8192.0000 20200529231504 1584.0000 0.0814 0.1157 362.0000 999999.0000 999999.0000 999999.0000 -18.1000 -19.0000 0.9000 
59316 2020 5 30 0 8192.0000 20200529231504 2760.0000 0.1350 0.2680 99.0000 999999.0000 999999.0000 999999.0000 -78.0000 999999.0000 999998.0000 
59316 2020 5 30 0 8192.0000 20200529231504 2423.0000 0.1290 0.2269 152.0000 999999.0000 999999.0000 999999.0000 -65.8000 999999.0000 999998.0000 
59316 2020 5 30 0 8192.0000 20200529231504 0.0000 -0.0013 -0.0133 1012.0000 999999.0000 999999.0000 999999.0000 26.7000 25.3000 1.4000 
59316 2020 5 30 0 65536.0000 20200529231504 616.0000 0.0350 0.0295 700.0000 3172.0000 252.0000 12.0000 10.2000 10.2000 0.0000 
59316 2020 5 30 0 65536.0000 20200529231504 292.0000 0.0158 -0.0021 850.0000 1524.0000 220.0000 12.0000 18.4000 18.4000 0.0000 
59316 2020 5 30 0 65536.0000 20200529231504 1129.0000 0.0617 0.0777 500.0000 5901.0000 242.0000 11.0000 -4.5000 -4.5000 0.0000 
59316 2020 5 30 0 65536.0000 20200529231504 17.0000 -0.0008 -0.0136 1000.0000 107.0000 161.0000 2.0000 25.4000 25.1000 0.3000 
59316 2020 5 30 0 131072.0000 20200529231504 0.0000 -0.0013 -0.0133 1011.8000 3.0000 158.0000 1.0000 26.7000 25.3000 1.4000 
59316 2020 5 30 0 65536.0000 20200529231504 2194.0000 0.1090 0.1877 200.0000 12550.0000 239.0000 18.0000 -50.1000 -53.5000 3.4000 
59316 2020 5 30 0 65536.0000 20200529231504 1996.0000 0.0932 0.1637 250.0000 11050.0000 241.0000 13.0000 -37.6000 -40.2000 2.6000 
59316 2020 5 30 0 8192.0000 20200529231504 2716.0000 0.1339 0.2647 105.0000 999999.0000 999999.0000 999999.0000 -77.0000 999999.0000 999998.0000 
59316 2020 5 30 0 65536.0000 20200529231504 1452.0000 0.0746 0.1042 400.0000 7631.0000 240.0000 10.0000 -13.8000 -14.2000 0.4000 
59316 2020 5 30 0 65536.0000 20200529231504 150.0000 0.0052 -0.0109 925.0000 791.0000 219.0000 9.0000 22.0000 21.5000 0.5000 
59316 2020 5 30 0 65536.0000 20200529231504 2434.0000 0.1298 0.2287 150.0000 14357.0000 249.0000 19.0000 -66.1000 999999.0000 999998.0000 
59316 2020 5 30 0 65536.0000 20200529231504 1804.0000 0.0859 0.1417 300.0000 9764.0000 258.0000 14.0000 -27.3000 -29.2000 1.9000 
59316 2020 5 30 0 65536.0000 20200529231504 2754.0000 0.1347 0.2675 100.0000 16748.0000 261.0000 5.0000 -77.8000 999999.0000 999998.0000 
59316 2020 5 30 0 65536.0000 20200529231504 3011.0000 0.1350 0.2636 70.0000 18772.0000 119.0000 6.0000 -77.8000 999999.0000 999998.0000 
59316 2020 5 30 0 65536.0000 20200529231504 2194.0000 0.1090 0.1877 200.0000 12550.0000 239.0000 18.0000 -50.1000 -53.5000 3.4000 
59316 2020 5 30 0 65536.0000 20200529231504 2434.0000 0.1298 0.2287 150.0000 14357.0000 249.0000 19.0000 -66.1000 999999.0000 999998.0000 
59316 2020 5 30 0 8192.0000 20200529231504 814.0000 0.0441 0.0515 618.0000 999999.0000 999999.0000 999999.0000 5.5000 3.4000 2.1000 
59316 2020 5 30 0 8192.0000 20200529231504 1213.0000 0.0665 0.0851 473.0000 999999.0000 999999.0000 999999.0000 -6.6000 -6.8000 0.2000 
59316 2020 5 30 0 8192.0000 20200529231504 0.0000 -0.0013 -0.0133 1012.0000 999999.0000 999999.0000 999999.0000 26.7000 25.3000 1.4000 
59316 2020 5 30 0 65536.0000 20200529231504 1996.0000 0.0932 0.1637 250.0000 11050.0000 241.0000 13.0000 -37.6000 -40.2000 2.6000 
59316 2020 5 30 0 65536.0000 20200529231504 292.0000 0.0158 -0.0021 850.0000 1524.0000 220.0000 12.0000 18.4000 18.4000 0.0000 
59316 2020 5 30 0 65536.0000 20200529231504 616.0000 0.0350 0.0295 700.0000 3172.0000 252.0000 12.0000 10.2000 10.2000 0.0000 
59316 2020 5 30 0 65536.0000 20200529231504 17.0000 -0.0008 -0.0136 1000.0000 107.0000 161.0000 2.0000 25.4000 25.1000 0.3000 
59316 2020 5 30 0 65536.0000 20200529231504 150.0000 0.0052 -0.0109 925.0000 791.0000 219.0000 9.0000 22.0000 21.5000 0.5000 
59316 2020 5 30 0 65536.0000 20200529231504 1452.0000 0.0746 0.1042 400.0000 7631.0000 240.0000 10.0000 -13.8000 -14.2000 0.4000 
59316 2020 5 30 0 65536.0000 20200529231504 1804.0000 0.0859 0.1417 300.0000 9764.0000 258.0000 14.0000 -27.3000 -29.2000 1.9000 
59316 2020 5 30 0 65536.0000 20200529231504 1129.0000 0.0617 0.0777 500.0000 5901.0000 242.0000 11.0000 -4.5000 -4.5000 0.0000 
59316 2020 5 30 0 131072.0000 20200529231504 0.0000 -0.0013 -0.0133 1011.8000 3.0000 158.0000 1.0000 26.7000 25.3000 1.4000 
59316 2020 5 30 0 8192.0000 20200529231504 2716.0000 0.1339 0.2647 105.0000 999999.0000 999999.0000 999999.0000 -77.0000 999999.0000 999998.0000 
59316 2020 5 30 0 8192.0000 20200529231504 2841.0000 0.1336 0.2711 89.3000 999999.0000 999999.0000 999999.0000 -80.5000 999999.0000 999998.0000 
59316 2020 5 30 0 8192.0000 20200529231504 2008.0000 0.0940 0.1653 247.0000 999999.0000 999999.0000 999999.0000 -38.0000 -40.6000 2.6000 
59316 2020 5 30 0 8192.0000 20200529231504 2423.0000 0.1290 0.2269 152.0000 999999.0000 999999.0000 999999.0000 -65.8000 999999.0000 999998.0000 
59316 2020 5 30 0 8192.0000 20200529231504 3269.0000 0.1299 0.2492 50.4000 999999.0000 999999.0000 999999.0000 -67.0000 999999.0000 999998.0000 
59316 2020 5 30 0 8192.0000 20200529231504 3063.0000 0.1386 0.2601 65.8000 999999.0000 999999.0000 999999.0000 -77.2000 999999.0000 999998.0000 
59316 2020 5 30 0 8192.0000 20200529231504 3163.0000 0.1368 0.2565 57.8000 999999.0000 999999.0000 999999.0000 -69.7000 999999.0000 999998.0000 
59316 2020 5 30 0 8192.0000 20200529231504 1584.0000 0.0814 0.1157 362.0000 999999.0000 999999.0000 999999.0000 -18.1000 -19.0000 0.9000 
59316 2020 5 30 12 65536.0000 20200530111513 1701.0000 0.0592 0.1925 250.0000 11053.0000 246.0000 15.0000 -38.1000 -40.9000 2.8000 
59316 2020 5 30 12 65536.0000 20200530111513 1915.0000 0.0694 0.2204 200.0000 12547.0000 258.0000 14.0000 -50.6000 -53.9000 3.3000 
59316 2020 5 30 12 65536.0000 20200530111513 1210.0000 0.0232 0.1362 400.0000 7645.0000 251.0000 16.0000 -14.3000 -14.5000 0.2000 
59316 2020 5 30 12 65536.0000 20200530111513 1515.0000 0.0465 0.1714 300.0000 9772.0000 229.0000 13.0000 -28.2000 -29.9000 1.7000 
59316 2020 5 30 12 8192.0000 20200530111513 0.0000 -0.0013 -0.0133 1011.0000 999999.0000 999999.0000 999999.0000 25.4000 23.6000 1.8000 
59316 2020 5 30 12 65536.0000 20200530111513 2157.0000 0.0765 0.2537 150.0000 14360.0000 264.0000 14.0000 -65.3000 999999.0000 999998.0000 
59316 2020 5 30 12 65536.0000 20200530111513 127.0000 0.0011 -0.0067 925.0000 783.0000 251.0000 11.0000 23.3000 20.2000 3.1000 
59316 2020 5 30 12 65536.0000 20200530111513 245.0000 0.0052 0.0077 850.0000 1519.0000 258.0000 13.0000 19.7000 17.3000 2.4000 
59316 2020 5 30 12 131072.0000 20200530111513 0.0000 -0.0013 -0.0133 1010.8000 3.0000 248.0000 1.0000 25.4000 23.6000 1.8000 
59316 2020 5 30 12 65536.0000 20200530111513 15.0000 -0.0011 -0.0130 1000.0000 98.0000 249.0000 2.0000 25.0000 23.2000 1.8000 
59316 2020 5 30 12 65536.0000 20200530111513 948.0000 0.0201 0.1017 500.0000 5913.0000 271.0000 13.0000 -3.1000 -8.6000 5.5000 
59316 2020 5 30 12 65536.0000 20200530111513 2419.0000 0.0779 0.2752 100.0000 16740.0000 202.0000 3.0000 -76.8000 999999.0000 999998.0000 
59316 2020 5 30 12 65536.0000 20200530111513 519.0000 0.0135 0.0414 700.0000 3170.0000 256.0000 13.0000 11.7000 8.7000 3.0000 
59316 2020 5 30 12 8192.0000 20200530111513 2360.0000 0.0768 0.2739 109.0000 999999.0000 999999.0000 999999.0000 -75.9000 999999.0000 999998.0000 
59316 2020 5 30 12 8192.0000 20200530111513 2368.0000 0.0769 0.2744 108.0000 999999.0000 999999.0000 999999.0000 -74.8000 999999.0000 999998.0000 
59316 2020 5 30 12 8192.0000 20200530111513 2021.0000 0.0722 0.2351 178.0000 999999.0000 999999.0000 999999.0000 -56.7000 -60.4000 3.7000 
59316 2020 5 30 12 8192.0000 20200530111513 2289.0000 0.0769 0.2700 121.0000 999999.0000 999999.0000 999999.0000 -74.3000 999999.0000 999998.0000 
59316 2020 5 30 12 8192.0000 20200530111513 2461.0000 0.0796 0.2746 93.2000 999999.0000 999999.0000 999999.0000 -77.2000 999999.0000 999998.0000 
59316 2020 5 30 12 8192.0000 20200530111513 601.0000 0.0157 0.0525 657.0000 999999.0000 999999.0000 999999.0000 9.6000 0.9000 8.7000 
59316 2020 5 30 12 8192.0000 20200530111513 731.0000 0.0180 0.0722 594.0000 999999.0000 999999.0000 999999.0000 3.7000 1.0000 2.7000 
59316 2020 5 30 12 8192.0000 20200530111513 558.0000 0.0146 0.0466 679.0000 999999.0000 999999.0000 999999.0000 10.1000 7.1000 3.0000 
59316 2020 5 30 12 8192.0000 20200530111513 1657.0000 0.0566 0.1863 262.0000 999999.0000 999999.0000 999999.0000 -35.4000 -37.9000 2.5000 
59316 2020 5 30 12 8192.0000 20200530111513 821.0000 0.0189 0.0850 554.0000 999999.0000 999999.0000 999999.0000 2.2000 -5.1000 7.3000 
59316 2020 5 30 12 8192.0000 20200530111513 1233.0000 0.0247 0.1401 392.0000 999999.0000 999999.0000 999999.0000 -14.7000 -15.3000 0.6000 
59316 2020 5 30 12 65536.0000 20200530111513 1701.0000 0.0592 0.1925 250.0000 11053.0000 246.0000 15.0000 -38.1000 -40.9000 2.8000 
59316 2020 5 30 12 65536.0000 20200530111513 1515.0000 0.0465 0.1714 300.0000 9772.0000 229.0000 13.0000 -28.2000 -29.9000 1.7000 
59316 2020 5 30 12 65536.0000 20200530111513 2157.0000 0.0765 0.2537 150.0000 14360.0000 264.0000 14.0000 -65.3000 999999.0000 999998.0000 
59316 2020 5 30 12 65536.0000 20200530111513 1915.0000 0.0694 0.2204 200.0000 12547.0000 258.0000 14.0000 -50.6000 -53.9000 3.3000 
59316 2020 5 30 12 65536.0000 20200530111513 519.0000 0.0135 0.0414 700.0000 3170.0000 256.0000 13.0000 11.7000 8.7000 3.0000 
59316 2020 5 30 12 65536.0000 20200530111513 1210.0000 0.0232 0.1362 400.0000 7645.0000 251.0000 16.0000 -14.3000 -14.5000 0.2000 
59316 2020 5 30 12 65536.0000 20200530111513 948.0000 0.0201 0.1017 500.0000 5913.0000 271.0000 13.0000 -3.1000 -8.6000 5.5000 
59316 2020 5 30 12 8192.0000 20200530111513 731.0000 0.0180 0.0722 594.0000 999999.0000 999999.0000 999999.0000 3.7000 1.0000 2.7000 
59316 2020 5 30 12 8192.0000 20200530111513 601.0000 0.0157 0.0525 657.0000 999999.0000 999999.0000 999999.0000 9.6000 0.9000 8.7000 
59316 2020 5 30 12 8192.0000 20200530111513 1233.0000 0.0247 0.1401 392.0000 999999.0000 999999.0000 999999.0000 -14.7000 -15.3000 0.6000 
59316 2020 5 30 12 8192.0000 20200530111513 821.0000 0.0189 0.0850 554.0000 999999.0000 999999.0000 999999.0000 2.2000 -5.1000 7.3000 
59316 2020 5 30 12 65536.0000 20200530111513 2419.0000 0.0779 0.2751 100.0000 16740.0000 194.0000 4.0000 -76.8000 999999.0000 999998.0000 
59316 2020 5 30 12 8192.0000 20200530111513 558.0000 0.0146 0.0466 679.0000 999999.0000 999999.0000 999999.0000 10.1000 7.1000 3.0000 
59316 2020 5 30 12 65536.0000 20200530111513 127.0000 0.0011 -0.0067 925.0000 783.0000 251.0000 11.0000 23.3000 20.2000 3.1000 
59316 2020 5 30 12 65536.0000 20200530111513 15.0000 -0.0011 -0.0130 1000.0000 98.0000 249.0000 2.0000 25.0000 23.2000 1.8000 
59316 2020 5 30 12 8192.0000 20200530111513 0.0000 -0.0013 -0.0133 1011.0000 999999.0000 999999.0000 999999.0000 25.4000 23.6000 1.8000 
59316 2020 5 30 12 65536.0000 20200530111513 245.0000 0.0052 0.0077 850.0000 1519.0000 258.0000 13.0000 19.7000 17.3000 2.4000 
59316 2020 5 30 12 131072.0000 20200530111513 0.0000 -0.0013 -0.0133 1010.8000 3.0000 248.0000 1.0000 25.4000 23.6000 1.8000 
59316 2020 5 30 12 8192.0000 20200530111513 2368.0000 0.0769 0.2744 108.0000 999999.0000 999999.0000 999999.0000 -74.8000 999999.0000 999998.0000 
59316 2020 5 30 12 8192.0000 20200530111513 2360.0000 0.0768 0.2739 109.0000 999999.0000 999999.0000 999999.0000 -75.9000 999999.0000 999998.0000 
59316 2020 5 30 12 8192.0000 20200530111513 2493.0000 0.0815 0.2752 88.9000 999999.0000 999999.0000 999999.0000 -76.5000 999999.0000 999998.0000 
59316 2020 5 30 12 8192.0000 20200530111513 2468.0000 0.0800 0.2746 92.1000 999999.0000 999999.0000 999999.0000 -77.5000 999999.0000 999998.0000 
59316 2020 5 30 12 8192.0000 20200530111513 1657.0000 0.0566 0.1863 262.0000 999999.0000 999999.0000 999999.0000 -35.4000 -37.9000 2.5000 
59316 2020 5 30 12 8192.0000 20200530111513 2289.0000 0.0769 0.2700 121.0000 999999.0000 999999.0000 999999.0000 -74.3000 999999.0000 999998.0000 
59316 2020 5 30 12 8192.0000 20200530111513 2021.0000 0.0722 0.2351 178.0000 999999.0000 999999.0000 999999.0000 -56.7000 -60.4000 3.7000 
59316 2020 5 30 12 8192.0000 20200530111513 2561.0000 0.0850 0.2764 79.4000 999999.0000 999999.0000 999999.0000 -77.9000 999999.0000 999998.0000 
59316 2020 5 31 0 65536.0000 20200530231512 545.0000 0.0061 0.0206 700.0000 3181.0000 263.0000 9.0000 11.0000 6.9000 4.1000 
59316 2020 5 31 0 65536.0000 20200530231512 1013.0000 0.0138 0.0595 500.0000 5915.0000 241.0000 9.0000 -3.5000 -11.1000 7.6000 
59316 2020 5 31 0 65536.0000 20200530231512 14.0000 -0.0012 -0.0133 1000.0000 111.0000 249.0000 1.0000 25.1000 23.4000 1.7000 
59316 2020 5 31 0 131072.0000 20200530231512 0.0000 -0.0013 -0.0133 1012.3000 3.0000 0.0000 0.0000 26.0000 24.4000 1.6000 
59316 2020 5 31 0 65536.0000 20200530231512 265.0000 0.0044 -0.0010 850.0000 1532.0000 267.0000 9.0000 19.0000 18.2000 0.8000 
59316 2020 5 31 0 65536.0000 20200530231512 133.0000 0.0022 -0.0097 925.0000 797.0000 239.0000 7.0000 22.9000 22.5000 0.4000 
59316 2020 5 31 0 8192.0000 20200530231512 1021.0000 0.0141 0.0600 497.0000 999999.0000 999999.0000 999999.0000 -3.6000 -11.1000 7.5000 
59316 2020 5 31 0 8192.0000 20200530231512 310.0000 0.0046 0.0029 825.0000 999999.0000 999999.0000 999999.0000 17.3000 17.2000 0.1000 
59316 2020 5 31 0 8192.0000 20200530231512 0.0000 -0.0013 -0.0133 1012.0000 999999.0000 999999.0000 999999.0000 26.0000 24.4000 1.6000 
59316 2020 5 31 0 8192.0000 20200530231512 948.0000 0.0113 0.0543 525.0000 999999.0000 999999.0000 999999.0000 -2.4000 -4.1000 1.7000 
59316 2020 5 31 0 8192.0000 20200530231512 569.0000 0.0064 0.0227 689.0000 999999.0000 999999.0000 999999.0000 10.4000 5.1000 5.3000 
59316 2020 5 31 0 65536.0000 20200530231512 1932.0000 0.0590 0.1564 250.0000 11051.0000 240.0000 14.0000 -38.6000 -42.9000 4.3000 
59316 2020 5 31 0 65536.0000 20200530231512 2165.0000 0.0740 0.1790 200.0000 12544.0000 229.0000 12.0000 -51.0000 -55.6000 4.6000 
59316 2020 5 31 0 65536.0000 20200530231512 2812.0000 0.1001 0.2378 100.0000 16750.0000 269.0000 7.0000 -75.8000 999999.0000 999998.0000 
59316 2020 5 31 0 65536.0000 20200530231512 2439.0000 0.0942 0.2075 150.0000 14352.0000 239.0000 12.0000 -64.6000 999999.0000 999998.0000 
59316 2020 5 31 0 65536.0000 20200530231512 265.0000 0.0044 -0.0010 850.0000 1532.0000 267.0000 9.0000 19.0000 18.2000 0.8000 
59316 2020 5 31 0 65536.0000 20200530231512 545.0000 0.0061 0.0206 700.0000 3181.0000 263.0000 9.0000 11.0000 6.9000 4.1000 
59316 2020 5 31 0 65536.0000 20200530231512 14.0000 -0.0012 -0.0133 1000.0000 111.0000 249.0000 1.0000 25.1000 23.4000 1.7000 
59316 2020 5 31 0 65536.0000 20200530231512 133.0000 0.0022 -0.0097 925.0000 797.0000 239.0000 7.0000 22.9000 22.5000 0.4000 
59316 2020 5 31 0 131072.0000 20200530231512 0.0000 -0.0013 -0.0133 1012.3000 3.0000 0.0000 0.0000 26.0000 24.4000 1.6000 
59316 2020 5 31 0 65536.0000 20200530231512 1714.0000 0.0477 0.1299 300.0000 9770.0000 248.0000 14.0000 -27.9000 -38.7000 10.8000 
59316 2020 5 31 0 8192.0000 20200530231512 0.0000 -0.0013 -0.0133 1012.0000 999999.0000 999999.0000 999999.0000 26.0000 24.4000 1.6000 
59316 2020 5 31 0 65536.0000 20200530231512 1013.0000 0.0139 0.0596 500.0000 5915.0000 242.0000 10.0000 -3.5000 -11.1000 7.6000 
59316 2020 5 31 0 65536.0000 20200530231512 1321.0000 0.0293 0.0873 400.0000 7644.0000 245.0000 11.0000 -14.0000 -20.0000 6.0000 
59316 2020 5 31 0 8192.0000 20200530231512 1314.0000 0.0290 0.0866 402.0000 999999.0000 999999.0000 999999.0000 -13.8000 -19.7000 5.9000 
59316 2020 5 31 0 8192.0000 20200530231512 1703.0000 0.0473 0.1287 303.0000 999999.0000 999999.0000 999999.0000 -27.3000 -37.6000 10.3000 
59316 2020 5 31 0 8192.0000 20200530231512 1229.0000 0.0244 0.0779 427.0000 999999.0000 999999.0000 999999.0000 -10.9000 -25.3000 14.4000 
59316 2020 5 31 0 8192.0000 20200530231512 1933.0000 0.0590 0.1565 250.0000 999999.0000 999999.0000 999999.0000 -38.7000 -42.9000 4.2000 
59316 2020 5 31 0 8192.0000 20200530231512 2359.0000 0.0887 0.1981 164.0000 999999.0000 999999.0000 999999.0000 -62.0000 999999.0000 999998.0000 
59316 2020 5 31 0 8192.0000 20200530231512 1256.0000 0.0258 0.0803 419.0000 999999.0000 999999.0000 999999.0000 -11.9000 -19.2000 7.3000 
59316 2020 5 31 0 8192.0000 20200530231512 675.0000 0.0073 0.0323 637.0000 999999.0000 999999.0000 999999.0000 7.5000 2.6000 4.9000 
59316 2020 5 31 0 8192.0000 20200530231512 951.0000 0.0115 0.0548 524.0000 999999.0000 999999.0000 999999.0000 -2.4000 -4.2000 1.8000 
59316 2020 5 31 0 8192.0000 20200530231512 1147.0000 0.0196 0.0697 453.0000 999999.0000 999999.0000 999999.0000 -8.3000 -12.9000 4.6000 
59316 2020 5 31 0 8192.0000 20200530231512 1841.0000 0.0536 0.1458 270.0000 999999.0000 999999.0000 999999.0000 -33.8000 -44.8000 11.0000 
59316 2020 5 31 0 8192.0000 20200530231512 308.0000 0.0046 0.0024 826.0000 999999.0000 999999.0000 999999.0000 17.4000 17.2000 0.2000 
59316 2020 5 31 0 8192.0000 20200530231512 1057.0000 0.0155 0.0630 483.0000 999999.0000 999999.0000 999999.0000 -5.3000 -13.9000 8.6000 
59316 2020 5 31 0 8192.0000 20200530231512 2940.0000 0.1005 0.2460 86.1000 999999.0000 999999.0000 999999.0000 -77.3000 999999.0000 999998.0000 
59316 2020 5 31 0 8192.0000 20200530231512 2799.0000 0.1002 0.2373 102.0000 999999.0000 999999.0000 999999.0000 -75.2000 999999.0000 999998.0000 
59316 2020 5 31 0 8192.0000 20200530231512 2614.0000 0.0994 0.2218 124.0000 999999.0000 999999.0000 999999.0000 -72.4000 999999.0000 999998.0000 
59316 2020 5 31 0 8192.0000 20200530231512 2786.0000 0.1004 0.2363 103.0000 999999.0000 999999.0000 999999.0000 -76.3000 999999.0000 999998.0000 
59316 2020 5 31 0 8192.0000 20200530231512 2473.0000 0.0960 0.2107 144.0000 999999.0000 999999.0000 999999.0000 -64.7000 999999.0000 999998.0000 
59316 2020 5 31 0 8192.0000 20200530231512 2850.0000 0.1011 0.2402 95.7000 999999.0000 999999.0000 999999.0000 -78.2000 999999.0000 999998.0000 
59316 2020 5 31 0 65536.0000 20200530231512 3863.0000 0.0911 0.1642 30.0000 23986.0000 99.0000 13.0000 -51.3000 999999.0000 999998.0000 
59316 2020 5 31 0 65536.0000 20200530231512 4199.0000 0.0959 0.1261 20.0000 26637.0000 90.0000 16.0000 -50.2000 999999.0000 999998.0000 
59316 2020 5 31 0 65536.0000 20200530231512 3118.0000 0.0976 0.2463 70.0000 18789.0000 64.0000 3.0000 -77.8000 999999.0000 999998.0000 
59316 2020 5 31 0 65536.0000 20200530231512 3416.0000 0.0897 0.2261 50.0000 20769.0000 77.0000 13.0000 -64.9000 999999.0000 999998.0000 
59316 2020 5 31 0 65536.0000 20200530231512 2812.0000 0.1001 0.2378 100.0000 16750.0000 269.0000 7.0000 -75.8000 999999.0000 999998.0000 
59316 2020 5 31 0 8192.0000 20200530231512 951.0000 0.0115 0.0548 524.0000 999999.0000 999999.0000 999999.0000 -2.4000 -4.2000 1.8000 
59316 2020 5 31 0 8192.0000 20200530231512 1057.0000 0.0155 0.0630 483.0000 999999.0000 999999.0000 999999.0000 -5.3000 -13.9000 8.6000 
59316 2020 5 31 0 8192.0000 20200530231512 675.0000 0.0073 0.0323 637.0000 999999.0000 999999.0000 999999.0000 7.5000 2.6000 4.9000 
59316 2020 5 31 0 8192.0000 20200530231512 0.0000 -0.0013 -0.0133 1012.0000 999999.0000 999999.0000 999999.0000 26.0000 24.4000 1.6000 
59316 2020 5 31 0 8192.0000 20200530231512 308.0000 0.0046 0.0024 826.0000 999999.0000 999999.0000 999999.0000 17.4000 17.2000 0.2000 
59316 2020 5 31 0 65536.0000 20200530231512 545.0000 0.0061 0.0206 700.0000 3181.0000 263.0000 9.0000 11.0000 6.9000 4.1000 
59316 2020 5 31 0 65536.0000 20200530231512 265.0000 0.0044 -0.0010 850.0000 1532.0000 267.0000 9.0000 19.0000 18.2000 0.8000 
59316 2020 5 31 0 65536.0000 20200530231512 14.0000 -0.0012 -0.0133 1000.0000 111.0000 249.0000 1.0000 25.1000 23.4000 1.7000 
59316 2020 5 31 0 65536.0000 20200530231512 133.0000 0.0022 -0.0097 925.0000 797.0000 239.0000 7.0000 22.9000 22.5000 0.4000 
59316 2020 5 31 0 131072.0000 20200530231512 0.0000 -0.0013 -0.0133 1012.3000 3.0000 0.0000 0.0000 26.0000 24.4000 1.6000 
59316 2020 5 31 0 65536.0000 20200530231512 2165.0000 0.0740 0.1790 200.0000 12544.0000 229.0000 12.0000 -51.0000 -55.6000 4.6000 
59316 2020 5 31 0 65536.0000 20200530231512 2439.0000 0.0942 0.2075 150.0000 14352.0000 239.0000 12.0000 -64.6000 999999.0000 999998.0000 
59316 2020 5 31 0 65536.0000 20200530231512 1932.0000 0.0590 0.1564 250.0000 11051.0000 240.0000 14.0000 -38.6000 -42.9000 4.3000 
59316 2020 5 31 0 65536.0000 20200530231512 1321.0000 0.0293 0.0873 400.0000 7644.0000 245.0000 11.0000 -14.0000 -20.0000 6.0000 
59316 2020 5 31 0 65536.0000 20200530231512 1714.0000 0.0477 0.1299 300.0000 9770.0000 248.0000 14.0000 -27.9000 -38.7000 10.8000 
59316 2020 5 31 0 8192.0000 20200530231512 3777.0000 0.0895 0.1757 32.8000 999999.0000 999999.0000 999999.0000 -56.5000 999999.0000 999998.0000 
59316 2020 5 31 0 8192.0000 20200530231512 3897.0000 0.0907 0.1599 28.9000 999999.0000 999999.0000 999999.0000 -49.0000 999999.0000 999998.0000 
59316 2020 5 31 0 8192.0000 20200530231512 3520.0000 0.0876 0.2108 44.5000 999999.0000 999999.0000 999999.0000 -58.0000 999999.0000 999998.0000 
59316 2020 5 31 0 8192.0000 20200530231512 2850.0000 0.1011 0.2402 95.7000 999999.0000 999999.0000 999999.0000 -78.2000 999999.0000 999998.0000 
59316 2020 5 31 0 8192.0000 20200530231512 3181.0000 0.0965 0.2440 65.4000 999999.0000 999999.0000 999999.0000 -77.4000 999999.0000 999998.0000 
59316 2020 5 31 0 8192.0000 20200530231512 2799.0000 0.1002 0.2373 102.0000 999999.0000 999999.0000 999999.0000 -75.2000 999999.0000 999998.0000 
59316 2020 5 31 0 8192.0000 20200530231512 4347.0000 0.0948 0.0996 16.3000 999999.0000 999999.0000 999999.0000 -46.6000 999999.0000 999998.0000 
59316 2020 5 31 0 8192.0000 20200530231512 4231.0000 0.0952 0.1208 19.2000 999999.0000 999999.0000 999999.0000 -50.5000 999999.0000 999998.0000 
59316 2020 5 31 0 8192.0000 20200530231512 1314.0000 0.0290 0.0866 402.0000 999999.0000 999999.0000 999999.0000 -13.8000 -19.7000 5.9000 
59316 2020 5 31 0 8192.0000 20200530231512 1703.0000 0.0473 0.1287 303.0000 999999.0000 999999.0000 999999.0000 -27.3000 -37.6000 10.3000 
59316 2020 5 31 0 8192.0000 20200530231512 1256.0000 0.0258 0.0803 419.0000 999999.0000 999999.0000 999999.0000 -11.9000 -19.2000 7.3000 
59316 2020 5 31 0 8192.0000 20200530231512 1147.0000 0.0196 0.0697 453.0000 999999.0000 999999.0000 999999.0000 -8.3000 -12.9000 4.6000 
59316 2020 5 31 0 8192.0000 20200530231512 1229.0000 0.0244 0.0779 427.0000 999999.0000 999999.0000 999999.0000 -10.9000 -25.3000 14.4000 
59316 2020 5 31 0 65536.0000 20200530231512 1013.0000 0.0139 0.0596 500.0000 5915.0000 242.0000 10.0000 -3.5000 -11.1000 7.6000 
59316 2020 5 31 0 8192.0000 20200530231512 2614.0000 0.0994 0.2218 124.0000 999999.0000 999999.0000 999999.0000 -72.4000 999999.0000 999998.0000 
59316 2020 5 31 0 8192.0000 20200530231512 2786.0000 0.1004 0.2363 103.0000 999999.0000 999999.0000 999999.0000 -76.3000 999999.0000 999998.0000 
59316 2020 5 31 0 8192.0000 20200530231512 2473.0000 0.0960 0.2107 144.0000 999999.0000 999999.0000 999999.0000 -64.7000 999999.0000 999998.0000 
59316 2020 5 31 0 8192.0000 20200530231512 1933.0000 0.0590 0.1565 250.0000 999999.0000 999999.0000 999999.0000 -38.7000 -42.9000 4.2000 
59316 2020 5 31 0 8192.0000 20200530231512 2359.0000 0.0887 0.1981 164.0000 999999.0000 999999.0000 999999.0000 -62.0000 999999.0000 999998.0000 
59316 2020 5 31 0 8192.0000 20200530231512 1841.0000 0.0536 0.1458 270.0000 999999.0000 999999.0000 999999.0000 -33.8000 -44.8000 11.0000 
